# t (s)	mx ()	my ()	mz ()	E_total (J)	E_Zeeman (J)	Angle (rad)	Field (T)
0	1	-3.5457358e-12	0	-2.5863215e-15	-2.5871999e-15	0	100
0	0.9950041	0.09983337	0	-2.5863215e-15	-2.5871997e-15	0.1	100
0	0.9800666	0.19866924	0	-2.5863221e-15	-2.5872003e-15	0.2	100
0	0.95533645	0.29552013	0	-2.5863215e-15	-2.5871999e-15	0.3	100
0	0.92106104	0.38941827	0	-2.5863213e-15	-2.5871997e-15	0.4	100
0	0.87758255	0.4794255	0	-2.5863215e-15	-2.5872003e-15	0.5	100
0	0.82533574	0.56464237	0	-2.5863217e-15	-2.5872003e-15	0.6	100
0	0.7648422	0.64421767	0	-2.5863217e-15	-2.5872003e-15	0.7	100
0	0.6967068	0.71735615	0	-2.5863217e-15	-2.5872003e-15	0.8	100
0	0.62161	0.7833269	0	-2.586321e-15	-2.5872e-15	0.9	100
0	0.5403023	0.8414711	0	-2.5863213e-15	-2.5871997e-15	1	100
0	0.453596	0.89120734	0	-2.5863213e-15	-2.5871997e-15	1.1	100
0	0.36235765	0.93203914	0	-2.5863215e-15	-2.5871999e-15	1.2	100
0	0.26749873	0.9635582	0	-2.5863215e-15	-2.5871999e-15	1.3	100
0	0.16996706	0.9854496	0	-2.5863215e-15	-2.5871999e-15	1.4	100
0	0.07073717	0.9974949	0	-2.5863215e-15	-2.5871999e-15	1.5	100
0	-0.029199507	0.99957365	0	-2.5863215e-15	-2.5871997e-15	1.6	100
0	-0.12884443	0.9916647	0	-2.5863215e-15	-2.5871997e-15	1.7	100
0	-0.227202	0.97384757	0	-2.586322e-15	-2.5872003e-15	1.8	100
0	-0.32328945	0.9463001	0	-2.5863217e-15	-2.5871999e-15	1.9	100
0	-0.41614676	0.90929747	0	-2.586322e-15	-2.5872003e-15	2	100
0	-0.50484604	0.86320937	0	-2.5863215e-15	-2.5872e-15	2.1	100
0	-0.58850104	0.8084964	0	-2.5863215e-15	-2.5871999e-15	2.2	100
0	-0.6662761	0.74570525	0	-2.5863213e-15	-2.5871999e-15	2.3	100
0	-0.7373938	0.67546326	0	-2.5863215e-15	-2.5872e-15	2.4	100
0	-0.80114377	0.59847206	0	-2.5863217e-15	-2.5872003e-15	2.5	100
0	-0.8568888	0.51550126	0	-2.5863217e-15	-2.5872e-15	2.6	100
0	-0.90407217	0.4273798	0	-2.5863215e-15	-2.5872e-15	2.7	100
0	-0.9422223	0.33498803	0	-2.5863217e-15	-2.5872003e-15	2.8	100
0	-0.9709581	0.23924923	0	-2.5863213e-15	-2.5871997e-15	2.9	100
0	-0.9899925	0.14111994	0	-2.5863217e-15	-2.5871999e-15	3	100
0	-0.9991351	0.041580644	0	-2.5863217e-15	-2.5872e-15	3.1	100
0	-0.9982948	-0.05837412	0	-2.5863213e-15	-2.5871997e-15	3.2	100
0	-0.9874798	-0.15774563	0	-2.5863213e-15	-2.5871999e-15	3.3	100
0	-0.9667982	-0.25554103	0	-2.5863213e-15	-2.5871999e-15	3.4	100
0	-0.9364567	-0.3507831	0	-2.5863217e-15	-2.5871999e-15	3.5	100
0	-0.89675844	-0.44252035	0	-2.5863215e-15	-2.5872e-15	3.6	100
0	-0.84810007	-0.52983606	0	-2.5863217e-15	-2.5872e-15	3.7	100
0	-0.79096776	-0.61185783	0	-2.5863215e-15	-2.5872e-15	3.8	100
0	-0.7259323	-0.6877662	0	-2.5863215e-15	-2.5872003e-15	3.9	100
0	-0.65364355	-0.75680256	0	-2.5863217e-15	-2.5872003e-15	4	100
0	-0.5748239	-0.8182772	0	-2.5863215e-15	-2.5872e-15	4.1	100
0	-0.49026072	-0.87157583	0	-2.5863213e-15	-2.5871999e-15	4.2	100
0	-0.40079907	-0.9161658	0	-2.5863213e-15	-2.5872e-15	4.3	100
0	-0.30733278	-0.95160204	0	-2.5863215e-15	-2.5871999e-15	4.4	100
0	-0.2107957	-0.97753006	0	-2.5863215e-15	-2.5871999e-15	4.5	100
0	-0.11215248	-0.9936911	0	-2.5863217e-15	-2.5871999e-15	4.6	100
0	-0.012388658	-0.9999232	0	-2.5863213e-15	-2.5871999e-15	4.7	100
0	0.08749893	-0.99616456	0	-2.5863215e-15	-2.5871999e-15	4.8	100
0	0.1865123	-0.9824526	0	-2.5863215e-15	-2.5872e-15	4.9	100
0	0.28366208	-0.95892423	0	-2.5863217e-15	-2.5871999e-15	5	100
0	0.37797764	-0.92581475	0	-2.5863215e-15	-2.5872e-15	5.1	100
0	0.4685166	-0.8834547	0	-2.5863215e-15	-2.5871999e-15	5.2	100
0	0.5543743	-0.8322675	0	-2.5863215e-15	-2.5872e-15	5.3	100
0	0.63469285	-0.7727645	0	-2.5863215e-15	-2.5872e-15	5.4	100
0	0.7086698	-0.70554036	0	-2.5863215e-15	-2.5872003e-15	5.5	100
0	0.77556586	-0.6312666	0	-2.5863217e-15	-2.5872003e-15	5.6	100
0	0.83471286	-0.55068547	0	-2.5863213e-15	-2.5871997e-15	5.7	100
0	0.8855196	-0.4646021	0	-2.5863213e-15	-2.5871999e-15	5.8	100
0	0.92747843	-0.37387654	0	-2.5863213e-15	-2.5872e-15	5.9	100
0	0.96017027	-0.27941537	0	-2.5863215e-15	-2.5871999e-15	6	100
0	0.98326844	-0.18216242	0	-2.5863215e-15	-2.5871997e-15	6.1	100
0	0.99654204	-0.08308935	0	-2.5863221e-15	-2.5872003e-15	6.2	100
0	0.9999997	-1.2995031e-11	0	-1.2927218e-15	-1.2935996e-15	0	50
0	0.9950039	0.099833205	0	-1.2927219e-15	-1.2935998e-15	0.1	50
0	0.98006636	0.19866896	0	-1.2927217e-15	-1.2935997e-15	0.2	50
0	0.95533645	0.29551974	0	-1.2927216e-15	-1.2935998e-15	0.3	50
0	0.92106104	0.3894179	0	-1.2927217e-15	-1.2935998e-15	0.4	50
0	0.87758255	0.47942516	0	-1.2927216e-15	-1.2935998e-15	0.5	50
0	0.82533574	0.5646422	0	-1.2927216e-15	-1.2936e-15	0.6	50
0	0.7648422	0.6442175	0	-1.2927216e-15	-1.2936e-15	0.7	50
0	0.6967066	0.71735615	0	-1.2927216e-15	-1.2936e-15	0.8	50
0	0.6216098	0.783327	0	-1.2927216e-15	-1.2936e-15	0.9	50
0	0.54030204	0.8414711	0	-1.2927216e-15	-1.2935999e-15	1	50
0	0.4535957	0.8912075	0	-1.2927218e-15	-1.2936e-15	1.1	50
0	0.36235732	0.9320391	0	-1.2927216e-15	-1.2935998e-15	1.2	50
0	0.2674984	0.9635581	0	-1.2927217e-15	-1.2935997e-15	1.3	50
0	0.16996682	0.98544955	0	-1.2927217e-15	-1.2935997e-15	1.4	50
0	0.070737064	0.99749476	0	-1.2927217e-15	-1.2935996e-15	1.5	50
0	-0.029199464	0.9995733	0	-1.2927217e-15	-1.2935996e-15	1.6	50
0	-0.12884425	0.99166465	0	-1.2927217e-15	-1.2935996e-15	1.7	50
0	-0.22720169	0.9738475	0	-1.2927218e-15	-1.2935998e-15	1.8	50
0	-0.3232891	0.9463001	0	-1.2927217e-15	-1.2935998e-15	1.9	50
0	-0.41614643	0.9092974	0	-1.2927217e-15	-1.2935998e-15	2	50
0	-0.50484574	0.8632095	0	-1.2927215e-15	-1.2935999e-15	2.1	50
0	-0.5885009	0.80849653	0	-1.2927215e-15	-1.2935998e-15	2.2	50
0	-0.6662759	0.7457052	0	-1.2927212e-15	-1.2935998e-15	2.3	50
0	-0.7373937	0.6754631	0	-1.2927215e-15	-1.2935999e-15	2.4	50
0	-0.80114377	0.5984719	0	-1.2927215e-15	-1.2935998e-15	2.5	50
0	-0.8568889	0.515501	0	-1.2927217e-15	-1.2936e-15	2.6	50
0	-0.9040722	0.42737946	0	-1.2927216e-15	-1.2935998e-15	2.7	50
0	-0.9422224	0.33498767	0	-1.2927217e-15	-1.2935996e-15	2.8	50
0	-0.97095805	0.23924892	0	-1.2927216e-15	-1.2935997e-15	2.9	50
0	-0.98999226	0.14111973	0	-1.2927216e-15	-1.2935996e-15	3	50
0	-0.99913484	0.041580584	0	-1.2927216e-15	-1.2935994e-15	3.1	50
0	-0.9982945	-0.058374032	0	-1.2927216e-15	-1.2935995e-15	3.2	50
0	-0.9874795	-0.1577454	0	-1.2927216e-15	-1.2935995e-15	3.3	50
0	-0.9667982	-0.2555407	0	-1.2927217e-15	-1.2935997e-15	3.4	50
0	-0.9364566	-0.35078278	0	-1.2927216e-15	-1.2935998e-15	3.5	50
0	-0.89675844	-0.44252002	0	-1.2927215e-15	-1.2935998e-15	3.6	50
0	-0.8481001	-0.5298358	0	-1.2927217e-15	-1.2936e-15	3.7	50
0	-0.79096776	-0.6118577	0	-1.2927215e-15	-1.2935999e-15	3.8	50
0	-0.72593224	-0.68776613	0	-1.2927215e-15	-1.2935999e-15	3.9	50
0	-0.6536435	-0.75680256	0	-1.2927214e-15	-1.2935998e-15	4	50
0	-0.5748237	-0.81827724	0	-1.2927216e-15	-1.2936002e-15	4.1	50
0	-0.4902604	-0.87157583	0	-1.2927216e-15	-1.2935998e-15	4.2	50
0	-0.40079874	-0.91616595	0	-1.2927216e-15	-1.2935997e-15	4.3	50
0	-0.30733243	-0.95160204	0	-1.2927218e-15	-1.2935997e-15	4.4	50
0	-0.2107954	-0.97753	0	-1.2927218e-15	-1.2935998e-15	4.5	50
0	-0.1121523	-0.9936908	0	-1.2927218e-15	-1.2935997e-15	4.6	50
0	-0.012388637	-0.999923	0	-1.2927218e-15	-1.2935997e-15	4.7	50
0	0.08749881	-0.9961644	0	-1.2927219e-15	-1.2935997e-15	4.8	50
0	0.18651204	-0.9824524	0	-1.2927217e-15	-1.2935997e-15	4.9	50
0	0.28366172	-0.95892423	0	-1.2927216e-15	-1.2935997e-15	5	50
0	0.37797728	-0.92581475	0	-1.2927217e-15	-1.2935999e-15	5.1	50
0	0.4685162	-0.8834547	0	-1.2927216e-15	-1.2935998e-15	5.2	50
0	0.55437404	-0.8322675	0	-1.2927216e-15	-1.2935999e-15	5.3	50
0	0.6346927	-0.7727646	0	-1.2927216e-15	-1.2935999e-15	5.4	50
0	0.7086697	-0.7055403	0	-1.2927214e-15	-1.2935999e-15	5.5	50
0	0.775566	-0.6312665	0	-1.2927216e-15	-1.2935999e-15	5.6	50
0	0.83471286	-0.5506852	0	-1.2927212e-15	-1.2935997e-15	5.7	50
0	0.88551956	-0.46460176	0	-1.2927216e-15	-1.2935998e-15	5.8	50
0	0.92747843	-0.37387618	0	-1.2927218e-15	-1.2935998e-15	5.9	50
0	0.96017027	-0.2794151	0	-1.2927216e-15	-1.2935996e-15	6	50
0	0.9832682	-0.18216217	0	-1.2927217e-15	-1.2935996e-15	6.1	50
0	0.9965418	-0.08308922	0	-1.292722e-15	-1.2936e-15	6.2	50
0	0.9999988	-1.6630761e-11	0	-6.4592207e-16	-6.4679923e-16	0	25
0	0.9950031	0.099832624	0	-6.459221e-16	-6.4679933e-16	0.1	25
0	0.98006576	0.19866788	0	-6.4592197e-16	-6.467993e-16	0.2	25
0	0.9553362	0.2955184	0	-6.4592197e-16	-6.4679955e-16	0.3	25
0	0.921061	0.38941643	0	-6.4592186e-16	-6.4679955e-16	0.4	25
0	0.87758297	0.4794239	0	-6.4592165e-16	-6.4679965e-16	0.5	25
0	0.825336	0.56464124	0	-6.4592154e-16	-6.4679965e-16	0.6	25
0	0.7648423	0.6442171	0	-6.459215e-16	-6.4679976e-16	0.7	25
0	0.6967065	0.71735597	0	-6.4592154e-16	-6.4679986e-16	0.8	25
0	0.62160915	0.7833271	0	-6.4592154e-16	-6.467997e-16	0.9	25
0	0.54030097	0.8414714	0	-6.459216e-16	-6.467997e-16	1	25
0	0.45359433	0.89120764	0	-6.459217e-16	-6.4679965e-16	1.1	25
0	0.36235586	0.932039	0	-6.459218e-16	-6.4679955e-16	1.2	25
0	0.2674971	0.96355784	0	-6.459219e-16	-6.4679944e-16	1.3	25
0	0.16996586	0.98544896	0	-6.4592207e-16	-6.4679933e-16	1.4	25
0	0.07073664	0.997494	0	-6.4592207e-16	-6.467993e-16	1.5	25
0	-0.029199285	0.9995726	0	-6.45922e-16	-6.467993e-16	1.6	25
0	-0.1288435	0.9916639	0	-6.4592207e-16	-6.467993e-16	1.7	25
0	-0.2272005	0.973847	0	-6.4592197e-16	-6.4679933e-16	1.8	25
0	-0.32328767	0.9462998	0	-6.459219e-16	-6.4679955e-16	1.9	25
0	-0.41614506	0.9092975	0	-6.459218e-16	-6.467996e-16	2	25
0	-0.50484455	0.86320966	0	-6.4592165e-16	-6.4679976e-16	2.1	25
0	-0.5885001	0.8084967	0	-6.4592165e-16	-6.4679976e-16	2.2	25
0	-0.66627556	0.74570525	0	-6.459216e-16	-6.4679986e-16	2.3	25
0	-0.73739386	0.67546266	0	-6.459215e-16	-6.467998e-16	2.4	25
0	-0.8011439	0.59847116	0	-6.459216e-16	-6.4679976e-16	2.5	25
0	-0.8568891	0.5154999	0	-6.4592165e-16	-6.4679976e-16	2.6	25
0	-0.9040723	0.4273781	0	-6.4592186e-16	-6.467997e-16	2.7	25
0	-0.9422222	0.33498624	0	-6.459219e-16	-6.4679955e-16	2.8	25
0	-0.9709577	0.2392477	0	-6.4592197e-16	-6.467994e-16	2.9	25
0	-0.98999155	0.14111891	0	-6.4592207e-16	-6.4679933e-16	3	25
0	-0.9991341	0.041580327	0	-6.459221e-16	-6.4679933e-16	3.1	25
0	-0.99829364	-0.05837368	0	-6.4592207e-16	-6.467993e-16	3.2	25
0	-0.9874789	-0.1577445	0	-6.4592197e-16	-6.4679923e-16	3.3	25
0	-0.9667977	-0.25553942	0	-6.459219e-16	-6.4679933e-16	3.4	25
0	-0.93645656	-0.35078135	0	-6.4592186e-16	-6.4679955e-16	3.5	25
0	-0.89675856	-0.44251865	0	-6.459217e-16	-6.467996e-16	3.6	25
0	-0.8481004	-0.5298347	0	-6.4592154e-16	-6.4679965e-16	3.7	25
0	-0.790968	-0.61185706	0	-6.459216e-16	-6.467998e-16	3.8	25
0	-0.72593224	-0.6877659	0	-6.459216e-16	-6.4679986e-16	3.9	25
0	-0.65364313	-0.75680256	0	-6.4592154e-16	-6.467998e-16	4	25
0	-0.57482284	-0.81827754	0	-6.4592165e-16	-6.467998e-16	4.1	25
0	-0.4902592	-0.87157613	0	-6.459217e-16	-6.467997e-16	4.2	25
0	-0.4007973	-0.91616607	0	-6.4592176e-16	-6.4679955e-16	4.3	25
0	-0.30733103	-0.95160174	0	-6.459219e-16	-6.467995e-16	4.4	25
0	-0.21079433	-0.97752947	0	-6.4592197e-16	-6.4679933e-16	4.5	25
0	-0.11215164	-0.9936901	0	-6.459221e-16	-6.4679933e-16	4.6	25
0	-0.012388563	-0.99992216	0	-6.459221e-16	-6.467993e-16	4.7	25
0	0.087498285	-0.9961635	0	-6.4592207e-16	-6.467993e-16	4.8	25
0	0.186511	-0.98245186	0	-6.45922e-16	-6.4679933e-16	4.9	25
0	0.2836604	-0.9589238	0	-6.459219e-16	-6.4679944e-16	5	25
0	0.37797585	-0.9258147	0	-6.4592186e-16	-6.4679955e-16	5.1	25
0	0.46851495	-0.8834549	0	-6.4592176e-16	-6.467997e-16	5.2	25
0	0.554373	-0.83226776	0	-6.459216e-16	-6.467997e-16	5.3	25
0	0.6346921	-0.77276474	0	-6.4592154e-16	-6.4679986e-16	5.4	25
0	0.70866966	-0.7055401	0	-6.4592154e-16	-6.4679986e-16	5.5	25
0	0.77556616	-0.6312659	0	-6.459215e-16	-6.4679986e-16	5.6	25
0	0.8347131	-0.5506842	0	-6.4592154e-16	-6.4679976e-16	5.7	25
0	0.88551986	-0.46460044	0	-6.459217e-16	-6.467996e-16	5.8	25
0	0.92747843	-0.37387475	0	-6.4592186e-16	-6.467995e-16	5.9	25
0	0.9601699	-0.27941373	0	-6.4592186e-16	-6.467994e-16	6	25
0	0.98326766	-0.18216118	0	-6.45922e-16	-6.467993e-16	6.1	25
0	0.996541	-0.08308874	0	-6.459221e-16	-6.467993e-16	6.2	25
0	0.99999565	-2.735796e-12	0	-3.225228e-16	-3.2339858e-16	0	12.5
0	0.9950002	0.099830285	0	-3.2252272e-16	-3.2339858e-16	0.1	12.5
0	0.9800638	0.1986637	0	-3.2252267e-16	-3.2339877e-16	0.2	12.5
0	0.95533526	0.29551306	0	-3.2252246e-16	-3.2339893e-16	0.3	12.5
0	0.92106134	0.3894109	0	-3.2252227e-16	-3.233992e-16	0.4	12.5
0	0.87758386	0.47941902	0	-3.22522e-16	-3.2339938e-16	0.5	12.5
0	0.825337	0.5646377	0	-3.2252188e-16	-3.233995e-16	0.6	12.5
0	0.7648428	0.64421517	0	-3.225217e-16	-3.2339964e-16	0.7	12.5
0	0.6967057	0.71735567	0	-3.225217e-16	-3.2339967e-16	0.8	12.5
0	0.6216068	0.78332794	0	-3.2252174e-16	-3.2339961e-16	0.9	12.5
0	0.5402971	0.84147257	0	-3.2252185e-16	-3.2339943e-16	1	12.5
0	0.45358923	0.8912084	0	-3.2252206e-16	-3.233993e-16	1.1	12.5
0	0.36235026	0.9320389	0	-3.225223e-16	-3.2339909e-16	1.2	12.5
0	0.26749197	0.96355647	0	-3.2252254e-16	-3.2339887e-16	1.3	12.5
0	0.16996215	0.98544645	0	-3.225227e-16	-3.233987e-16	1.4	12.5
0	0.070734955	0.9974908	0	-3.2252278e-16	-3.2339858e-16	1.5	12.5
0	-0.029198585	0.99956924	0	-3.225228e-16	-3.2339858e-16	1.6	12.5
0	-0.12884055	0.9916612	0	-3.2252275e-16	-3.233986e-16	1.7	12.5
0	-0.22719587	0.9738452	0	-3.2252262e-16	-3.2339882e-16	1.8	12.5
0	-0.3232822	0.94629925	0	-3.225224e-16	-3.23399e-16	1.9	12.5
0	-0.41613957	0.90929806	0	-3.225222e-16	-3.2339922e-16	2	12.5
0	-0.5048401	0.86321074	0	-3.2252196e-16	-3.233994e-16	2.1	12.5
0	-0.58849704	0.80849767	0	-3.2252182e-16	-3.233996e-16	2.2	12.5
0	-0.6662742	0.74570537	0	-3.225217e-16	-3.2339967e-16	2.3	12.5
0	-0.73739386	0.6754616	0	-3.2252164e-16	-3.2339961e-16	2.4	12.5
0	-0.80114484	0.5984683	0	-3.2252177e-16	-3.233996e-16	2.5	12.5
0	-0.8568902	0.5154956	0	-3.225219e-16	-3.2339938e-16	2.6	12.5
0	-0.90407294	0.4273727	0	-3.2252211e-16	-3.2339922e-16	2.7	12.5
0	-0.9422217	0.33498067	0	-3.225224e-16	-3.2339906e-16	2.8	12.5
0	-0.97095597	0.2392429	0	-3.225226e-16	-3.2339882e-16	2.9	12.5
0	-0.98998886	0.14111571	0	-3.2252272e-16	-3.233987e-16	3	12.5
0	-0.9991308	0.041579332	0	-3.225228e-16	-3.2339858e-16	3.1	12.5
0	-0.99829054	-0.058372285	0	-3.2252278e-16	-3.2339858e-16	3.2	12.5
0	-0.9874764	-0.157741	0	-3.2252267e-16	-3.2339864e-16	3.3	12.5
0	-0.9667963	-0.25553444	0	-3.2252256e-16	-3.2339887e-16	3.4	12.5
0	-0.93645626	-0.35077575	0	-3.2252235e-16	-3.2339909e-16	3.5	12.5
0	-0.8967594	-0.4425134	0	-3.2252211e-16	-3.2339927e-16	3.6	12.5
0	-0.84810156	-0.5298306	0	-3.2252193e-16	-3.233995e-16	3.7	12.5
0	-0.7909687	-0.61185443	0	-3.2252177e-16	-3.233996e-16	3.8	12.5
0	-0.72593206	-0.6877649	0	-3.225217e-16	-3.2339967e-16	3.9	12.5
0	-0.65364146	-0.756803	0	-3.225217e-16	-3.2339967e-16	4	12.5
0	-0.5748195	-0.81827855	0	-3.2252182e-16	-3.233996e-16	4.1	12.5
0	-0.4902545	-0.87157714	0	-3.2252198e-16	-3.233994e-16	4.2	12.5
0	-0.40079182	-0.91616637	0	-3.225222e-16	-3.2339914e-16	4.3	12.5
0	-0.30732563	-0.95160097	0	-3.2252246e-16	-3.2339895e-16	4.4	12.5
0	-0.21078989	-0.97752744	0	-3.2252264e-16	-3.2339877e-16	4.5	12.5
0	-0.11214905	-0.99368715	0	-3.2252278e-16	-3.2339866e-16	4.6	12.5
0	-0.012388265	-0.9999188	0	-3.2252283e-16	-3.2339858e-16	4.7	12.5
0	0.08749623	-0.9961605	0	-3.2252278e-16	-3.233986e-16	4.8	12.5
0	0.18650699	-0.9824496	0	-3.2252267e-16	-3.2339871e-16	4.9	12.5
0	0.28365514	-0.9589228	0	-3.2252249e-16	-3.233989e-16	5	12.5
0	0.3779703	-0.92581475	0	-3.2252225e-16	-3.233991e-16	5.1	12.5
0	0.46850994	-0.8834558	0	-3.2252206e-16	-3.2339935e-16	5.2	12.5
0	0.5543694	-0.8322689	0	-3.2252188e-16	-3.2339954e-16	5.3	12.5
0	0.6346901	-0.7727652	0	-3.2252174e-16	-3.2339964e-16	5.4	12.5
0	0.7086691	-0.7055396	0	-3.2252172e-16	-3.2339967e-16	5.5	12.5
0	0.7755668	-0.6312638	0	-3.2252172e-16	-3.233996e-16	5.6	12.5
0	0.83471423	-0.5506805	0	-3.225219e-16	-3.2339954e-16	5.7	12.5
0	0.88552064	-0.4645955	0	-3.225221e-16	-3.2339932e-16	5.8	12.5
0	0.92747855	-0.3738692	0	-3.2252227e-16	-3.2339906e-16	5.9	12.5
0	0.9601687	-0.2794085	0	-3.2252246e-16	-3.233989e-16	6	12.5
0	0.9832654	-0.18215722	0	-3.225227e-16	-3.2339874e-16	6.1	12.5
0	0.99653804	-0.083086774	0	-3.225228e-16	-3.2339864e-16	6.2	12.5
0	0.99998367	-5.068422e-11	0	-1.6082419e-16	-1.6169736e-16	0	6.25
0	0.99498945	0.09982132	0	-1.6082411e-16	-1.6169744e-16	0.1	6.25
0	0.98005635	0.19864742	0	-1.6082384e-16	-1.6169766e-16	0.2	6.25
0	0.9553322	0.29549253	0	-1.608235e-16	-1.6169803e-16	0.3	6.25
0	0.92106277	0.38938966	0	-1.6082306e-16	-1.6169844e-16	0.4	6.25
0	0.8775881	0.47940052	0	-1.6082264e-16	-1.6169885e-16	0.5	6.25
0	0.8253417	0.56462455	0	-1.6082228e-16	-1.6169919e-16	0.6	6.25
0	0.7648451	0.64420843	0	-1.6082207e-16	-1.6169941e-16	0.7	6.25
0	0.6967032	0.7173548	0	-1.6082199e-16	-1.6169945e-16	0.8	6.25
0	0.6215982	0.78333116	0	-1.6082211e-16	-1.6169934e-16	0.9	6.25
0	0.540282	0.84147733	0	-1.6082237e-16	-1.616991e-16	1	6.25
0	0.45356956	0.89121205	0	-1.6082274e-16	-1.6169872e-16	1.1	6.25
0	0.36232886	0.9320391	0	-1.608232e-16	-1.616983e-16	1.2	6.25
0	0.26747233	0.9635522	0	-1.608236e-16	-1.6169791e-16	1.3	6.25
0	0.16994774	0.9854379	0	-1.6082395e-16	-1.616976e-16	1.4	6.25
0	0.070728496	0.9974795	0	-1.6082415e-16	-1.616974e-16	1.5	6.25
0	-0.029195886	0.9995574	0	-1.608242e-16	-1.6169737e-16	1.6	6.25
0	-0.1288292	0.9916512	0	-1.6082403e-16	-1.6169749e-16	1.7	6.25
0	-0.227178	0.9738391	0	-1.6082375e-16	-1.6169777e-16	1.8	6.25
0	-0.32326102	0.94629765	0	-1.6082337e-16	-1.6169814e-16	1.9	6.25
0	-0.41611877	0.90930045	0	-1.6082294e-16	-1.6169856e-16	2	6.25
0	-0.50482285	0.86321545	0	-1.608225e-16	-1.6169893e-16	2.1	6.25
0	-0.58848566	0.80850196	0	-1.608222e-16	-1.6169925e-16	2.2	6.25
0	-0.6662692	0.74570656	0	-1.60822e-16	-1.6169944e-16	2.3	6.25
0	-0.7373944	0.6754574	0	-1.6082202e-16	-1.6169945e-16	2.4	6.25
0	-0.8011489	0.59845775	0	-1.6082216e-16	-1.6169928e-16	2.5	6.25
0	-0.85689497	0.5154789	0	-1.6082248e-16	-1.61699e-16	2.6	6.25
0	-0.9040757	0.4273522	0	-1.6082286e-16	-1.616986e-16	2.7	6.25
0	-0.9422208	0.3349594	0	-1.6082335e-16	-1.6169823e-16	2.8	6.25
0	-0.9709503	0.2392244	0	-1.6082371e-16	-1.6169781e-16	2.9	6.25
0	-0.9899794	0.14110342	0	-1.6082401e-16	-1.6169753e-16	3	6.25
0	-0.9991191	0.041575495	0	-1.6082417e-16	-1.6169737e-16	3.1	6.25
0	-0.99827904	-0.05836693	0	-1.6082416e-16	-1.616974e-16	3.2	6.25
0	-0.98746747	-0.15772745	0	-1.6082398e-16	-1.6169757e-16	3.3	6.25
0	-0.96679145	-0.25551522	0	-1.6082363e-16	-1.6169785e-16	3.4	6.25
0	-0.9364561	-0.35075432	0	-1.6082322e-16	-1.6169826e-16	3.5	6.25
0	-0.8967626	-0.44249338	0	-1.6082281e-16	-1.6169868e-16	3.6	6.25
0	-0.8481063	-0.52981496	0	-1.6082243e-16	-1.6169907e-16	3.7	6.25
0	-0.7909725	-0.61184496	0	-1.6082212e-16	-1.6169932e-16	3.8	6.25
0	-0.7259318	-0.6877617	0	-1.6082199e-16	-1.6169945e-16	3.9	6.25
0	-0.65363544	-0.75680476	0	-1.6082203e-16	-1.6169941e-16	4	6.25
0	-0.57480705	-0.81828296	0	-1.6082224e-16	-1.6169922e-16	4.1	6.25
0	-0.49023646	-0.8715817	0	-1.6082259e-16	-1.616989e-16	4.2	6.25
0	-0.4007707	-0.9161683	0	-1.60823e-16	-1.616985e-16	4.3	6.25
0	-0.30730474	-0.95159864	0	-1.6082343e-16	-1.6169809e-16	4.4	6.25
0	-0.21077293	-0.9775206	0	-1.6082383e-16	-1.6169772e-16	4.5	6.25
0	-0.112139046	-0.9936767	0	-1.608241e-16	-1.6169748e-16	4.6	6.25
0	-0.012387115	-0.999907	0	-1.608242e-16	-1.6169737e-16	4.7	6.25
0	0.0874883	-0.9961496	0	-1.6082412e-16	-1.6169744e-16	4.8	6.25
0	0.18649146	-0.98244166	0	-1.6082388e-16	-1.6169762e-16	4.9	6.25
0	0.28363493	-0.9589193	0	-1.6082354e-16	-1.6169798e-16	5	6.25
0	0.37794894	-0.9258157	0	-1.6082311e-16	-1.6169839e-16	5.1	6.25
0	0.4684909	-0.88345987	0	-1.6082266e-16	-1.6169879e-16	5.2	6.25
0	0.5543553	-0.8322737	0	-1.608223e-16	-1.6169915e-16	5.3	6.25
0	0.63468254	-0.77276796	0	-1.6082208e-16	-1.6169938e-16	5.4	6.25
0	0.7086675	-0.70553786	0	-1.6082199e-16	-1.6169945e-16	5.5	6.25
0	0.77556956	-0.63125587	0	-1.608221e-16	-1.6169938e-16	5.6	6.25
0	0.83471906	-0.5506663	0	-1.6082233e-16	-1.6169913e-16	5.7	6.25
0	0.88552463	-0.46457624	0	-1.6082269e-16	-1.6169876e-16	5.8	6.25
0	0.9274792	-0.3738478	0	-1.608231e-16	-1.6169835e-16	5.9	6.25
0	0.9601651	-0.27938843	0	-1.6082355e-16	-1.6169795e-16	6	6.25
0	0.98325735	-0.182142	0	-1.608239e-16	-1.6169762e-16	6.1	6.25
0	0.9965269	-0.083079234	0	-1.6082411e-16	-1.616974e-16	6.2	6.25
0	0.9999421	-2.200156e-10	0	-7.9976666e-17	-8.0845324e-17	0	3.125
0	0.99495244	0.09978765	0	-7.997649e-17	-8.0845463e-17	0.1	3.125
0	0.9800317	0.19858636	0	-7.9976024e-17	-8.0845893e-17	0.2	3.125
0	0.95532423	0.29541534	0	-7.9975316e-17	-8.0846535e-17	0.3	3.125
0	0.92107064	0.38931003	0	-7.9974495e-17	-8.08473e-17	0.4	3.125
0	0.8776065	0.4793314	0	-7.9973694e-17	-8.084805e-17	0.5	3.125
0	0.8253614	0.5645756	0	-7.997301e-17	-8.084867e-17	0.6	3.125
0	0.76485544	0.644184	0	-7.997258e-17	-8.084906e-17	0.7	3.125
0	0.6966954	0.7173529	0	-7.9972464e-17	-8.0849176e-17	0.8	3.125
0	0.62156653	0.78334534	0	-7.997267e-17	-8.084897e-17	0.9	3.125
0	0.5402265	0.8414977	0	-7.997319e-17	-8.084851e-17	1	3.125
0	0.453496	0.89122826	0	-7.997392e-17	-8.084783e-17	1.1	3.125
0	0.36224845	0.9320428	0	-7.9974747e-17	-8.084707e-17	1.2	3.125
0	0.26739845	0.9635391	0	-7.9975554e-17	-8.0846343e-17	1.3	3.125
0	0.1698937	0.9854091	0	-7.9976196e-17	-8.084576e-17	1.4	3.125
0	0.070704274	0.9974402	0	-7.9976586e-17	-8.08454e-17	1.5	3.125
0	-0.029185764	0.9995163	0	-7.9976646e-17	-8.0845324e-17	1.6	3.125
0	-0.12878664	0.991617	0	-7.9976394e-17	-8.0845576e-17	1.7	3.125
0	-0.22711088	0.9738191	0	-7.9975845e-17	-8.084607e-17	1.8	3.125
0	-0.32318172	0.94629455	0	-7.99751e-17	-8.084676e-17	1.9	3.125
0	-0.41604078	0.9093123	0	-7.997426e-17	-8.084752e-17	2	3.125
0	-0.5047588	0.86323535	0	-7.9973476e-17	-8.0848256e-17	2.1	3.125
0	-0.5884438	0.8085201	0	-7.997286e-17	-8.084882e-17	2.2	3.125
0	-0.66625184	0.74571234	0	-7.997251e-17	-8.084913e-17	2.3	3.125
0	-0.7373979	0.6754429	0	-7.9972497e-17	-8.084915e-17	2.4	3.125
0	-0.80116606	0.5984188	0	-7.997281e-17	-8.084888e-17	2.5	3.125
0	-0.8569152	0.5154173	0	-7.997338e-17	-8.0848315e-17	2.6	3.125
0	-0.9040889	0.42727572	0	-7.997416e-17	-8.0847614e-17	2.7	3.125
0	-0.9422197	0.3348794	0	-7.997499e-17	-8.084685e-17	2.8	3.125
0	-0.97093236	0.23915507	0	-7.997577e-17	-8.084615e-17	2.9	3.125
0	-0.98994666	0.1410573	0	-7.9976335e-17	-8.084561e-17	3	3.125
0	-0.9990784	0.04156111	0	-7.9976626e-17	-8.0845344e-17	3.1	3.125
0	-0.9982391	-0.058346834	0	-7.997661e-17	-8.084537e-17	3.2	3.125
0	-0.9874369	-0.15767673	0	-7.997627e-17	-8.084569e-17	3.3	3.125
0	-0.9667762	-0.25544316	0	-7.997564e-17	-8.084626e-17	3.4	3.125
0	-0.9364577	-0.35067403	0	-7.997485e-17	-8.084699e-17	3.5	3.125
0	-0.8967778	-0.44241825	0	-7.997401e-17	-8.084773e-17	3.6	3.125
0	-0.8481269	-0.52975667	0	-7.9973264e-17	-8.084843e-17	3.7	3.125
0	-0.7909879	-0.6118102	0	-7.997272e-17	-8.084894e-17	3.8	3.125
0	-0.7259323	-0.6877512	0	-7.9972483e-17	-8.0849176e-17	3.9	3.125
0	-0.6536141	-0.7568132	0	-7.997255e-17	-8.08491e-17	4	3.125
0	-0.5747611	-0.81830215	0	-7.9972947e-17	-8.084873e-17	4.1	3.125
0	-0.4901693	-0.87160075	0	-7.997359e-17	-8.084813e-17	4.2	3.125
0	-0.40069172	-0.9161778	0	-7.9974396e-17	-8.084739e-17	4.3	3.125
0	-0.30722657	-0.9515927	0	-7.997523e-17	-8.084664e-17	4.4	3.125
0	-0.21070914	-0.9774978	0	-7.997596e-17	-8.084597e-17	4.5	3.125
0	-0.1121015	-0.99364084	0	-7.997646e-17	-8.084551e-17	4.6	3.125
0	-0.012382808	-0.9998654	0	-7.9976666e-17	-8.0845324e-17	4.7	3.125
0	0.087458625	-0.9961114	0	-7.997653e-17	-8.084544e-17	4.8	3.125
0	0.18643332	-0.98241514	0	-7.99761e-17	-8.084584e-17	4.9	3.125
0	0.28355902	-0.9589091	0	-7.997543e-17	-8.0846456e-17	5	3.125
0	0.3778688	-0.92582184	0	-7.997461e-17	-8.0847204e-17	5.1	3.125
0	0.46841988	-0.88347745	0	-7.997379e-17	-8.084797e-17	5.2	3.125
0	0.5543035	-0.8322938	0	-7.9973086e-17	-8.0848607e-17	5.3	3.125
0	0.6346552	-0.77278006	0	-7.997261e-17	-8.084903e-17	5.4	3.125
0	0.7086632	-0.7055325	0	-7.997245e-17	-8.0849176e-17	5.5	3.125
0	0.7755822	-0.6312273	0	-7.9972636e-17	-8.084902e-17	5.6	3.125
0	0.8347394	-0.55061334	0	-7.997311e-17	-8.084858e-17	5.7	3.125
0	0.8855419	-0.46450448	0	-7.9973813e-17	-8.084791e-17	5.8	3.125
0	0.9274846	-0.37376758	0	-7.997464e-17	-8.0847164e-17	5.9	3.125
0	0.96015406	-0.27931315	0	-7.9975455e-17	-8.084643e-17	6	3.125
0	0.98323023	-0.18208487	0	-7.9976156e-17	-8.084583e-17	6.1	3.125
0	0.9964886	-0.083050966	0	-7.9976546e-17	-8.084543e-17	6.2	3.125
0	0.99980855	-3.1216874e-10	0	-3.955591e-17	-4.0417262e-17	0	1.5625
0	0.99483484	0.099667646	0	-3.9555605e-17	-4.0417517e-17	0.1	1.5625
0	0.97995746	0.19836746	0	-3.9554745e-17	-4.0418258e-17	0.2	1.5625
0	0.9553083	0.29513866	0	-3.9553438e-17	-4.0419347e-17	0.3	1.5625
0	0.9211112	0.3890233	0	-3.9551916e-17	-4.042065e-17	0.4	1.5625
0	0.8776839	0.47908264	0	-3.9550407e-17	-4.0421947e-17	0.5	1.5625
0	0.82544154	0.56440157	0	-3.954915e-17	-4.0423033e-17	0.6	1.5625
0	0.76489997	0.64410025	0	-3.9548352e-17	-4.0423734e-17	0.7	1.5625
0	0.69667244	0.7173521	0	-3.9548127e-17	-4.042392e-17	0.8	1.5625
0	0.62145615	0.783404	0	-3.954852e-17	-4.042357e-17	0.9	1.5625
0	0.540029	0.8415804	0	-3.9549477e-17	-4.0422748e-17	1	1.5625
0	0.45323193	0.8912979	0	-3.9550834e-17	-4.0421577e-17	1.1	1.5625
0	0.3619612	0.9320675	0	-3.955237e-17	-4.0420263e-17	1.2	1.5625
0	0.2671345	0.96350545	0	-3.9553858e-17	-4.0419003e-17	1.3	1.5625
0	0.16970025	0.98531985	0	-3.9555046e-17	-4.0417997e-17	1.4	1.5625
0	0.070617646	0.99731475	0	-3.955576e-17	-4.041739e-17	1.5	1.5625
0	-0.029149642	0.99938405	0	-3.955589e-17	-4.041729e-17	1.6	1.5625
0	-0.1286345	0.9915097	0	-3.955541e-17	-4.0417686e-17	1.7	1.5625
0	-0.22687043	0.973761	0	-3.9554397e-17	-4.0418543e-17	1.8	1.5625
0	-0.3228968	0.94629616	0	-3.9553014e-17	-4.041972e-17	1.9	1.5625
0	-0.41576076	0.90936637	0	-3.9551466e-17	-4.042104e-17	2	1.5625
0	-0.5045295	0.863317	0	-3.9550013e-17	-4.04223e-17	2.1	1.5625
0	-0.588296	0.80859315	0	-3.9548862e-17	-4.0423284e-17	2.2	1.5625
0	-0.66619456	0.7457395	0	-3.9548223e-17	-4.042384e-17	2.3	1.5625
0	-0.7374175	0.67539597	0	-3.954818e-17	-4.042387e-17	2.4	1.5625
0	-0.80123585	0.59828156	0	-3.954875e-17	-4.0423377e-17	2.5	1.5625
0	-0.85699797	0.5151968	0	-3.954984e-17	-4.0422437e-17	2.6	1.5625
0	-0.90414816	0.42699942	0	-3.9551267e-17	-4.04212e-17	2.7	1.5625
0	-0.94222856	0.33459234	0	-3.9552826e-17	-4.041988e-17	2.8	1.5625
0	-0.97088146	0.23890649	0	-3.9554238e-17	-4.0418672e-17	2.9	1.5625
0	-0.98984444	0.140892	0	-3.9555314e-17	-4.0417775e-17	3	1.5625
0	-0.9989476	0.041509833	0	-3.9555853e-17	-4.0417302e-17	3.1	1.5625
0	-0.99811107	-0.05827526	0	-3.9555803e-17	-4.0417345e-17	3.2	1.5625
0	-0.9873418	-0.15749514	0	-3.9555158e-17	-4.041789e-17	3.3	1.5625
0	-0.9667352	-0.25518513	0	-3.9554027e-17	-4.0418864e-17	3.4	1.5625
0	-0.93647623	-0.3503854	0	-3.955257e-17	-4.0420108e-17	3.5	1.5625
0	-0.89684343	-0.4421484	0	-3.9551022e-17	-4.0421425e-17	3.6	1.5625
0	-0.84821	-0.52954894	0	-3.9549636e-17	-4.0422626e-17	3.7	1.5625
0	-0.7910518	-0.61168844	0	-3.954862e-17	-4.0423496e-17	3.8	1.5625
0	-0.7259403	-0.68771833	0	-3.954815e-17	-4.042391e-17	3.9	1.5625
0	-0.65354156	-0.75685084	0	-3.954829e-17	-4.0423784e-17	4	1.5625
0	-0.574598	-0.8183797	0	-3.9549024e-17	-4.0423145e-17	4.1	1.5625
0	-0.48992845	-0.8716804	0	-3.9550238e-17	-4.04221e-17	4.2	1.5625
0	-0.40040752	-0.9162244	0	-3.9551727e-17	-4.042082e-17	4.3	1.5625
0	-0.30694592	-0.9515843	0	-3.9553256e-17	-4.0419502e-17	4.4	1.5625
0	-0.2104805	-0.9774304	0	-3.95546e-17	-4.0418374e-17	4.5	1.5625
0	-0.11196704	-0.9935274	0	-3.955553e-17	-4.0417587e-17	4.6	1.5625
0	-0.012367521	-0.99973214	0	-3.9555906e-17	-4.0417266e-17	4.7	1.5625
0	0.08735247	-0.99599034	0	-3.9555678e-17	-4.0417458e-17	4.8	1.5625
0	0.18622501	-0.9823344	0	-3.9554874e-17	-4.041814e-17	4.9	1.5625
0	0.2832864	-0.95888585	0	-3.955362e-17	-4.04192e-17	5	1.5625
0	0.37758106	-0.92585605	0	-3.955211e-17	-4.0420485e-17	5.1	1.5625
0	0.46816447	-0.88355166	0	-3.9550582e-17	-4.0421795e-17	5.2	1.5625
0	0.55411905	-0.83237565	0	-3.954929e-17	-4.0422917e-17	5.3	1.5625
0	0.6345603	-0.7728308	0	-3.9548418e-17	-4.042367e-17	5.4	1.5625
0	0.7086532	-0.7055192	0	-3.954812e-17	-4.0423926e-17	5.5	1.5625
0	0.77563536	-0.63112825	0	-3.954845e-17	-4.042365e-17	5.6	1.5625
0	0.83482164	-0.5504249	0	-3.954933e-17	-4.0422867e-17	5.7	1.5625
0	0.8856151	-0.46424648	0	-3.955065e-17	-4.0421736e-17	5.8	1.5625
0	0.9275165	-0.37347963	0	-3.9552177e-17	-4.0420432e-17	5.9	1.5625
0	0.9601281	-0.27904248	0	-3.9553682e-17	-4.0419148e-17	6	1.5625
0	0.98314714	-0.1818803	0	-3.955491e-17	-4.0418093e-17	6.1	1.5625
0	0.996366	-0.08294962	0	-3.9555704e-17	-4.0417444e-17	6.2	1.5625
0	0.999432	-8.5241647e-10	0	-1.9350064e-17	-2.020102e-17	0	0.78125
0	0.99450874	0.0992699	0	-1.9349536e-17	-2.0201398e-17	0.1	0.78125
0	0.97976923	0.19764273	0	-1.9348036e-17	-2.020249e-17	0.2	0.78125
0	0.9553073	0.2942162	0	-1.9345784e-17	-2.020415e-17	0.3	0.78125
0	0.92129326	0.38806134	0	-1.9343126e-17	-2.0206145e-17	0.4	0.78125
0	0.87798417	0.47824302	0	-1.9340467e-17	-2.0208165e-17	0.5	0.78125
0	0.8257458	0.56381434	0	-1.9338244e-17	-2.0209888e-17	0.6	0.78125
0	0.765075	0.6438269	0	-1.9336816e-17	-2.0211008e-17	0.7	0.78125
0	0.69661117	0.7173675	0	-1.9336422e-17	-2.0211316e-17	0.8	0.78125
0	0.62109154	0.78362846	0	-1.9337134e-17	-2.021076e-17	0.9	0.78125
0	0.5393579	0.8418973	0	-1.9338824e-17	-2.0209435e-17	1	0.78125
0	0.45234135	0.8915734	0	-1.9341218e-17	-2.0207589e-17	1.1	0.78125
0	0.3609956	0.93219924	0	-1.9343916e-17	-2.0205539e-17	1.2	0.78125
0	0.26625255	0.9634482	0	-1.93465e-17	-2.0203618e-17	1.3	0.78125
0	0.16905947	0.9850844	0	-1.9348564e-17	-2.0202105e-17	1.4	0.78125
0	0.07033198	0.99696374	0	-1.9349798e-17	-2.020121e-17	1.5	0.78125
0	-0.029030528	0.9990119	0	-1.935002e-17	-2.0201053e-17	1.6	0.78125
0	-0.12813017	0.99121624	0	-1.9349192e-17	-2.0201648e-17	1.7	0.78125
0	-0.22607021	0.9736252	0	-1.9347444e-17	-2.0202925e-17	1.8	0.78125
0	-0.32194427	0.9463523	0	-1.9345031e-17	-2.020471e-17	1.9	0.78125
0	-0.41482008	0.9095915	0	-1.9342325e-17	-2.0206744e-17	2	0.78125
0	-0.5037554	0.8636303	0	-1.9339756e-17	-2.0208716e-17	2.1	0.78125
0	-0.58779556	0.8088748	0	-1.933773e-17	-2.0210292e-17	2.2	0.78125
0	-0.66601133	0.7458548	0	-1.9336588e-17	-2.0211189e-17	2.3	0.78125
0	-0.73750633	0.6752482	0	-1.9336523e-17	-2.0211247e-17	2.4	0.78125
0	-0.8015027	0.5978216	0	-1.9337536e-17	-2.0210443e-17	2.5	0.78125
0	-0.85731363	0.51445323	0	-1.9339468e-17	-2.0208939e-17	2.6	0.78125
0	-0.9043903	0.42607015	0	-1.9341994e-17	-2.0206998e-17	2.7	0.78125
0	-0.9423073	0.33363444	0	-1.93447e-17	-2.020495e-17	2.8	0.78125
0	-0.9707685	0.23807968	0	-1.9347174e-17	-2.0203124e-17	2.9	0.78125
0	-0.98956674	0.14034608	0	-1.9349018e-17	-2.020177e-17	3	0.78125
0	-0.9985799	0.04133982	0	-1.9349973e-17	-2.0201087e-17	3.1	0.78125
0	-0.99775195	-0.05803735	0	-1.9349882e-17	-2.020115e-17	3.2	0.78125
0	-0.9870877	-0.15689328	0	-1.9348767e-17	-2.0201959e-17	3.3	0.78125
0	-0.9666543	-0.25432426	0	-1.9346793e-17	-2.0203407e-17	3.4	0.78125
0	-0.9365867	-0.3494193	0	-1.9344252e-17	-2.0205291e-17	3.5	0.78125
0	-0.8971059	-0.44123963	0	-1.934154e-17	-2.0207339e-17	3.6	0.78125
0	-0.8485298	-0.5288427	0	-1.9339092e-17	-2.020923e-17	3.7	0.78125
0	-0.7912945	-0.6112846	0	-1.9337296e-17	-2.0210636e-17	3.8	0.78125
0	-0.7259867	-0.68762213	0	-1.9336457e-17	-2.0211298e-17	3.9	0.78125
0	-0.6533061	-0.7570022	0	-1.933671e-17	-2.0211095e-17	4	0.78125
0	-0.5740528	-0.8186716	0	-1.9338017e-17	-2.0210064e-17	4.1	0.78125
0	-0.48911846	-0.87198573	0	-1.9340161e-17	-2.0208401e-17	4.2	0.78125
0	-0.39945352	-0.9164251	0	-1.9342783e-17	-2.0206398e-17	4.3	0.78125
0	-0.3060094	-0.95160747	0	-1.9345465e-17	-2.0204381e-17	4.4	0.78125
0	-0.20972314	-0.97726375	0	-1.9347791e-17	-2.0202667e-17	4.5	0.78125
0	-0.11152413	-0.9932142	0	-1.93494e-17	-2.0201498e-17	4.6	0.78125
0	-0.012316886	-0.99935627	0	-1.9350054e-17	-2.0201024e-17	4.7	0.78125
0	0.08700165	-0.9956527	0	-1.9349657e-17	-2.020131e-17	4.8	0.78125
0	0.18553366	-0.9821258	0	-1.9348267e-17	-2.020232e-17	4.9	0.78125
0	0.28237766	-0.95886165	0	-1.9346092e-17	-2.020392e-17	5	0.78125
0	0.37661642	-0.9260169	0	-1.934346e-17	-2.0205885e-17	5.1	0.78125
0	0.4673013	-0.88384295	0	-1.934078e-17	-2.0207923e-17	5.2	0.78125
0	0.55349714	-0.8326856	0	-1.9338482e-17	-2.0209703e-17	5.3	0.78125
0	0.6342498	-0.77302676	0	-1.9336942e-17	-2.0210913e-17	5.4	0.78125
0	0.7086368	-0.7054913	0	-1.9336414e-17	-2.0211328e-17	5.5	0.78125
0	0.77584034	-0.630802	0	-1.933699e-17	-2.0210874e-17	5.6	0.78125
0	0.8351342	-0.5497894	0	-1.933857e-17	-2.0209634e-17	5.7	0.78125
0	0.8859006	-0.4633792	0	-1.9340894e-17	-2.0207835e-17	5.8	0.78125
0	0.9276701	-0.37251374	0	-1.9343579e-17	-2.0205794e-17	5.9	0.78125
0	0.9600944	-0.2781424	0	-1.93462e-17	-2.0203837e-17	6	0.78125
0	0.9829311	-0.18120241	0	-1.9348345e-17	-2.0202259e-17	6.1	0.78125
0	0.99602467	-0.082615726	0	-1.9349697e-17	-2.0201281e-17	6.2	0.78125
0	0.99857277	-1.0574571e-09	0	-9.252902e-18	-1.0091826e-17	0	0.390625
0	0.99378556	0.098116145	0	-9.2520855e-18	-1.0092264e-17	0.1	0.390625
0	0.97942483	0.19550821	0	-9.249743e-18	-1.00935465e-17	0.2	0.390625
0	0.9554867	0.29145488	0	-9.2461935e-18	-1.0095557e-17	0.3	0.390625
0	0.9219914	0.3851412	0	-9.241946e-18	-1.00980795e-17	0.4	0.390625
0	0.8790337	0.47563526	0	-9.237644e-18	-1.0100755e-17	0.5	0.390625
0	0.8267912	0.56196976	0	-9.233991e-18	-1.0103141e-17	0.6	0.390625
0	0.7656892	0.6429801	0	-9.231619e-18	-1.010474e-17	0.7	0.390625
0	0.696455	0.71745425	0	-9.230964e-18	-1.0105189e-17	0.8	0.390625
0	0.61994004	0.7844157	0	-9.232148e-18	-1.01043785e-17	0.9	0.390625
0	0.5372605	0.8429835	0	-9.23495e-18	-1.0102502e-17	1	0.390625
0	0.44959697	0.89254695	0	-9.238863e-18	-1.0099982e-17	1.1	0.390625
0	0.35806438	0.93275887	0	-9.243221e-18	-1.0097308e-17	1.2	0.390625
0	0.26363218	0.96346676	0	-9.247328e-18	-1.0094907e-17	1.3	0.390625
0	0.16718341	0.98460835	0	-9.250569e-18	-1.0093089e-17	1.4	0.390625
0	0.06950567	0.9961733	0	-9.25249e-18	-1.0092045e-17	1.5	0.390625
0	-0.02868664	0.99816436	0	-9.2528316e-18	-1.0091863e-17	1.6	0.390625
0	-0.12666295	0.9905817	0	-9.251548e-18	-1.0092554e-17	1.7	0.390625
0	-0.22371231	0.97342384	0	-9.248811e-18	-1.0094066e-17	1.8	0.390625
0	-0.31908378	0.9466918	0	-9.244997e-18	-1.0096254e-17	1.9	0.390625
0	-0.41193616	0.91042054	0	-9.240664e-18	-1.0098862e-17	2	0.390625
0	-0.5013274	0.8647233	0	-9.23648e-18	-1.0101504e-17	2.1	0.390625
0	-0.58623254	0.80983645	0	-9.233141e-18	-1.0103708e-17	2.2	0.390625
0	-0.66544855	0.7462787	0	-9.231238e-18	-1.0105e-17	2.3	0.390625
0	-0.73781925	0.67482704	0	-9.231122e-18	-1.01050774e-17	2.4	0.390625
0	-0.80242336	0.5963748	0	-9.23282e-18	-1.0103928e-17	2.5	0.390625
0	-0.8584087	0.5121231	0	-9.236006e-18	-1.0101812e-17	2.6	0.390625
0	-0.9052704	0.42321151	0	-9.240122e-18	-1.00991945e-17	2.7	0.390625
0	-0.9427134	0.3307451	0	-9.244478e-18	-1.0096562e-17	2.8	0.390625
0	-0.9706315	0.23563449	0	-9.248389e-18	-1.0094305e-17	2.9	0.390625
0	-0.98897576	0.13875124	0	-9.251282e-18	-1.0092701e-17	3	0.390625
0	-0.9977443	0.040851243	0	-9.252758e-18	-1.00919004e-17	3.1	0.390625
0	-0.9969397	-0.05735114	0	-9.252621e-18	-1.0091974e-17	3.2	0.390625
0	-0.98656094	-0.15513408	0	-9.250885e-18	-1.0092916e-17	3.3	0.390625
0	-0.9666057	-0.25177556	0	-9.247788e-18	-1.0094647e-17	3.4	0.390625
0	-0.93708205	-0.34650087	0	-9.2437566e-18	-1.0096986e-17	3.5	0.390625
0	-0.89804405	-0.43843907	0	-9.239393e-18	-1.0099648e-17	3.6	0.390625
0	-0.84962356	-0.5266442	0	-9.235386e-18	-1.0102216e-17	3.7	0.390625
0	-0.7921446	-0.61000454	0	-9.232415e-18	-1.0104197e-17	3.8	0.390625
0	-0.7261808	-0.68734646	0	-9.231013e-18	-1.0105156e-17	3.9	0.390625
0	-0.6525731	-0.7575457	0	-9.231441e-18	-1.0104863e-17	4	0.390625
0	-0.57230705	-0.8196991	0	-9.233616e-18	-1.0103389e-17	4.1	0.390625
0	-0.48659226	-0.87305224	0	-9.237141e-18	-1.0101077e-17	4.2	0.390625
0	-0.39653814	-0.91718304	0	-9.2414e-18	-1.0098407e-17	4.3	0.390625
0	-0.3031996	-0.95185554	0	-9.245693e-18	-1.00958486e-17	4.4	0.390625
0	-0.2074888	-0.97697884	0	-9.249359e-18	-1.0093759e-17	4.5	0.390625
0	-0.11023454	-0.99252623	0	-9.251874e-18	-1.00923785e-17	4.6	0.390625
0	-0.012171069	-0.9984992	0	-9.25289e-18	-1.0091833e-17	4.7	0.390625
0	0.08598336	-0.99489844	0	-9.252273e-18	-1.0092163e-17	4.8	0.390625
0	0.183508	-0.9817232	0	-9.250107e-18	-1.00933455e-17	4.9	0.390625
0	0.2796746	-0.95897144	0	-9.2466815e-18	-1.0095275e-17	5	0.390625
0	0.3736816	-0.92666	0	-9.2424885e-18	-1.0097749e-17	5.1	0.390625
0	0.46462741	-0.8848653	0	-9.238156e-18	-1.01004295e-17	5.2	0.390625
0	0.5515406	-0.8337541	0	-9.234385e-18	-1.0102878e-17	5.3	0.390625
0	0.6332673	-0.773724	0	-9.231826e-18	-1.0104599e-17	5.4	0.390625
0	0.7086227	-0.7054407	0	-9.230944e-18	-1.0105202e-17	5.5	0.390625
0	0.7765689	-0.62976694	0	-9.231907e-18	-1.0104544e-17	5.6	0.390625
0	0.8362074	-0.5477965	0	-9.234531e-18	-1.010278e-17	5.7	0.390625
0	0.88691276	-0.46068215	0	-9.238341e-18	-1.0100312e-17	5.8	0.390625
0	0.9282892	-0.36958483	0	-9.242682e-18	-1.0097633e-17	5.9	0.390625
0	0.9601808	-0.275458	0	-9.246853e-18	-1.0095176e-17	6	0.390625
0	0.98250943	-0.17921177	0	-9.2502326e-18	-1.0093278e-17	6.1	0.390625
0	0.9952602	-0.08164877	0	-9.252333e-18	-1.0092128e-17	6.2	0.390625
0	0.9971222	-2.5641609e-09	0	-4.2100164e-18	-5.0385838e-18	0	0.1953125
0	0.99263585	0.09529043	0	-4.208919e-18	-5.0389262e-18	0.1	0.1953125
0	0.9791252	0.19020468	0	-4.2057423e-18	-5.0399647e-18	0.2	0.1953125
0	0.95641273	0.2843947	0	-4.200852e-18	-5.0417068e-18	0.3	0.1953125
0	0.9242304	0.37733242	0	-4.194856e-18	-5.0440936e-18	0.4	0.1953125
0	0.8821992	0.46840933	0	-4.1886085e-18	-5.0469093e-18	0.5	0.1953125
0	0.8299812	0.5566493	0	-4.1831433e-18	-5.0496932e-18	0.6	0.1953125
0	0.76766473	0.6404356	0	-4.179509e-18	-5.0517223e-18	0.7	0.1953125
0	0.6960352	0.7177856	0	-4.1784913e-18	-5.052318e-18	0.8	0.1953125
0	0.6165537	0.78686666	0	-4.180326e-18	-5.0512537e-18	0.9	0.1953125
0	0.53126264	0.8462873	0	-4.1845946e-18	-5.048924e-18	1	0.1953125
0	0.4420527	0.89551485	0	-4.1904006e-18	-5.0460648e-18	1.1	0.1953125
0	0.3503528	0.93462867	0	-4.196675e-18	-5.0433396e-18	1.2	0.1953125
0	0.2569834	0.9640134	0	-4.202426e-18	-5.041128e-18	1.3	0.1953125
0	0.1625416	0.9840118	0	-4.2068698e-18	-5.0395875e-18	1.4	0.1953125
0	0.06749275	0.9948739	0	-4.209464e-18	-5.0387533e-18	1.5	0.1953125
0	-0.02785063	0.9967395	0	-4.2099225e-18	-5.0386106e-18	1.6	0.1953125
0	-0.12306044	0.9896288	0	-4.208195e-18	-5.0391566e-18	1.7	0.1953125
0	-0.21781158	0.9734532	0	-4.20447e-18	-5.040403e-18	1.8	0.1953125
0	-0.3116896	0.9480088	0	-4.199181e-18	-5.0423454e-18	1.9	0.1953125
0	-0.4041581	0.9129913	0	-4.193014e-18	-5.044887e-18	2	0.1953125
0	-0.49452087	0.8680166	0	-4.1868834e-18	-5.047754e-18	2.1	0.1953125
0	-0.58166695	0.8128036	0	-4.18185e-18	-5.050399e-18	2.2	0.1953125
0	-0.6638025	0.74763423	0	-4.1789173e-18	-5.0520664e-18	2.3	0.1953125
0	-0.7389006	0.67353874	0	-4.1787403e-18	-5.0521723e-18	2.4	0.1953125
0	-0.80525756	0.5921546	0	-4.181354e-18	-5.0506734e-18	2.5	0.1953125
0	-0.86173636	0.50551707	0	-4.1861787e-18	-5.0481067e-18	2.6	0.1953125
0	-0.90795594	0.4155113	0	-4.1922324e-18	-5.0452364e-18	2.7	0.1953125
0	-0.9441963	0.32323638	0	-4.198448e-18	-5.0426303e-18	2.8	0.1953125
0	-0.9708101	0.22949539	0	-4.2038882e-18	-5.0406066e-18	2.9	0.1953125
0	-0.9881199	0.13483113	0	-4.2078355e-18	-5.0392736e-18	3	0.1953125
0	-0.9963461	0.039662883	0	-4.2098245e-18	-5.038641e-18	3.1	0.1953125
0	-0.9955921	-0.055687215	0	-4.2096396e-18	-5.0386987e-18	3.2	0.1953125
0	-0.98584914	-0.15079482	0	-4.2072983e-18	-5.0394473e-18	3.3	0.1953125
0	-0.9669941	-0.24533223	0	-4.2030606e-18	-5.040899e-18	3.4	0.1953125
0	-0.9387824	-0.3388821	0	-4.1974345e-18	-5.043035e-18	3.5	0.1953125
0	-0.9008922	-0.43082836	0	-4.1911753e-18	-5.045713e-18	3.6	0.1953125
0	-0.85293984	-0.5203927	0	-4.1852527e-18	-5.0485835e-18	3.7	0.1953125
0	-0.79476607	-0.6062671	0	-4.1807383e-18	-5.0510212e-18	3.8	0.1953125
0	-0.7268313	-0.68657213	0	-4.178567e-18	-5.0522736e-18	3.9	0.1953125
0	-0.65042126	-0.75926125	0	-4.17923e-18	-5.0518844e-18	4	0.1953125
0	-0.5673127	-0.82279813	0	-4.182574e-18	-5.0500013e-18	4.1	0.1953125
0	-0.4795342	-0.8762802	0	-4.187867e-18	-5.0472712e-18	4.2	0.1953125
0	-0.3887332	-0.9195655	0	-4.194076e-18	-5.044426e-18	4.3	0.1953125
0	-0.2959935	-0.95294505	0	-4.200154e-18	-5.041973e-18	4.4	0.1953125
0	-0.20192835	-0.9768143	0	-4.20522e-18	-5.040144e-18	4.5	0.1953125
0	-0.10707529	-0.9914543	0	-4.2086333e-18	-5.0390164e-18	4.6	0.1953125
0	-0.011821849	-0.99705285	0	-4.21e-18	-5.0385867e-18	4.7	0.1953125
0	0.08349947	-0.9936792	0	-4.2091727e-18	-5.0388456e-18	4.8	0.1953125
0	0.17847638	-0.9812938	0	-4.20624e-18	-5.0397985e-18	4.9	0.1953125
0	0.27277654	-0.95973605	0	-4.2015324e-18	-5.041455e-18	5	0.1953125
0	0.3659252	-0.9287359	0	-4.1956317e-18	-5.043771e-18	5.1	0.1953125
0	0.45725513	-0.88795424	0	-4.189363e-18	-5.046551e-18	5.2	0.1953125
0	0.5459228	-0.8370049	0	-4.1837414e-18	-5.0493735e-18	5.3	0.1953125
0	0.63039494	-0.77588856	0	-4.1798284e-18	-5.051539e-18	5.4	0.1953125
0	0.7086334	-0.7053557	0	-4.178461e-18	-5.0523365e-18	5.5	0.1953125
0	0.7788006	-0.62677306	0	-4.179953e-18	-5.0514683e-18	5.6	0.1953125
0	0.8394748	-0.5420774	0	-4.183962e-18	-5.049257e-18	5.7	0.1953125
0	0.8899718	-0.4532614	0	-4.1896342e-18	-5.0464217e-18	5.8	0.1953125
0	0.9303121	-0.36183548	0	-4.195908e-18	-5.0436564e-18	5.9	0.1953125
0	0.96088785	-0.2686225	0	-4.2017723e-18	-5.041368e-18	6	0.1953125
0	0.98203385	-0.1742866	0	-4.2064095e-18	-5.0397414e-18	6.1	0.1953125
0	0.9940184	-0.079285964	0	-4.2092545e-18	-5.03882e-18	6.2	0.1953125
0	0.99539286	-2.6447948e-09	0	-1.6926575e-18	-2.5149223e-18	0	0.09765625
0	0.99145144	0.08954956	0	-1.6913952e-18	-2.5150375e-18	0.1	0.09765625
0	0.97952014	0.17920335	0	-1.6877078e-18	-2.5154385e-18	0.2	0.09765625
0	0.9592358	0.269117	0	-1.6819023e-18	-2.5162598e-18	0.3	0.09765625
0	0.9298832	0.35953888	0	-1.6745434e-18	-2.5176946e-18	0.4	0.09765625
0	0.89028203	0.4506585	0	-1.6665195e-18	-2.5198748e-18	0.5	0.09765625
0	0.83864313	0.5424511	0	-1.6591052e-18	-2.5226537e-18	0.6	0.09765625
0	0.77336293	0.6332472	0	-1.653903e-18	-2.525172e-18	0.7	0.09765625
0	0.69487214	0.71883345	0	-1.6523981e-18	-2.5260109e-18	0.8	0.09765625
0	0.6069856	0.79391134	0	-1.6550947e-18	-2.524542e-18	0.9	0.09765625
0	0.51563853	0.85507476	0	-1.6611162e-18	-2.5218156e-18	1	0.09765625
0	0.42395458	0.9030062	0	-1.6688639e-18	-2.5191593e-18	1.1	0.09765625
0	0.33310634	0.9394382	0	-1.6768079e-18	-2.5172064e-18	1.2	0.09765625
0	0.24281661	0.9660575	0	-1.6837892e-18	-2.5159654e-18	1.3	0.09765625
0	0.15298203	0.9838495	0	-1.6890222e-18	-2.5152844e-18	1.4	0.09765625
0	0.06340354	0.9934186	0	-1.6920236e-18	-2.5149783e-18	1.5	0.09765625
0	-0.026170911	0.99505603	0	-1.69255e-18	-2.5149302e-18	1.6	0.09765625
0	-0.11570399	0.98880523	0	-1.6905603e-18	-2.51512e-18	1.7	0.09765625
0	-0.20541188	0.9744864	0	-1.6862119e-18	-2.515626e-18	1.8	0.09765625
0	-0.29549718	0.9516327	0	-1.6798815e-18	-2.5166112e-18	1.9	0.09765625
0	-0.38600376	0.9194722	0	-1.6722196e-18	-2.5182449e-18	2	0.09765625
0	-0.4774162	0.8765385	0	-1.6642239e-18	-2.5206451e-18	2.1	0.09765625
0	-0.5691952	0.82103753	0	-1.657282e-18	-2.5234747e-18	2.2	0.09765625
0	-0.6590888	0.75164354	0	-1.6530315e-18	-2.5256519e-18	2.3	0.09765625
0	-0.7420938	0.6698861	0	-1.6527671e-18	-2.5258012e-18	2.4	0.09765625
0	-0.813187	0.58053136	0	-1.6565763e-18	-2.5238124e-18	2.5	0.09765625
0	-0.8704155	0.48872945	0	-1.6632749e-18	-2.520979e-18	2.6	0.09765625
0	-0.91477215	0.39728037	0	-1.6712233e-18	-2.518502e-18	2.7	0.09765625
0	-0.94817555	0.30667892	0	-1.678988e-18	-2.516775e-18	2.8	0.09765625
0	-0.9721311	0.21654885	0	-1.6855246e-18	-2.515718e-18	2.9	0.09765625
0	-0.9874762	0.12680024	0	-1.6901439e-18	-2.5151632e-18	3	0.09765625
0	-0.99471074	0.03726657	0	-1.692438e-18	-2.5149405e-18	3.1	0.09765625
0	-0.9940491	-0.05231256	0	-1.692225e-18	-2.5149597e-18	3.2	0.09765625
0	-0.985473	-0.14187178	0	-1.6895216e-18	-2.5152292e-18	3.3	0.09765625
0	-0.96872383	-0.23167197	0	-1.6845441e-18	-2.515855e-18	3.4	0.09765625
0	-0.94326967	-0.32181436	0	-1.677744e-18	-2.5170074e-18	3.5	0.09765625
0	-0.90812784	-0.4125991	0	-1.6698653e-18	-2.5188688e-18	3.6	0.09765625
0	-0.8617005	-0.50425595	0	-1.6620173e-18	-2.521462e-18	3.7	0.09765625
0	-0.8022658	-0.5957497	0	-1.6556903e-18	-2.524239e-18	3.8	0.09765625
0	-0.7288261	-0.6843575	0	-1.6525099e-18	-2.525947e-18	3.9	0.09765625
0	-0.644273	-0.7642859	0	-1.6534922e-18	-2.5253965e-18	4	0.09765625
0	-0.55382484	-0.8313092	0	-1.6583055e-18	-2.5230078e-18	4.1	0.09765625
0	-0.46195197	-0.88460535	0	-1.6655373e-18	-2.5201894e-18	4.2	0.09765625
0	-0.37078202	-0.9255652	0	-1.6735634e-18	-2.517923e-18	4.3	0.09765625
0	-0.28027716	-0.9561132	0	-1.6810608e-18	-2.5164e-18	4.4	0.09765625
0	-0.19031525	-0.9774727	0	-1.687095e-18	-2.515513e-18	4.5	0.09765625
0	-0.10064577	-0.990412	0	-1.6910665e-18	-2.5150695e-18	4.6	0.09765625
0	-0.011133456	-0.9953312	0	-1.6926385e-18	-2.514922e-18	4.7	0.09765625
0	0.07846375	-0.99236816	0	-1.6916883e-18	-2.51501e-18	4.8	0.09765625
0	0.168073	-0.9814435	0	-1.6882886e-18	-2.5153684e-18	4.9	0.09765625
0	0.2579476	-0.9622243	0	-1.6827205e-18	-2.5161285e-18	5	0.09765625
0	0.34824446	-0.9340673	0	-1.6755126e-18	-2.517471e-18	5.1	0.09765625
0	0.4392741	-0.89582473	0	-1.6675097e-18	-2.519558e-18	5.2	0.09765625
0	0.5310924	-0.84574836	0	-1.6599375e-18	-2.5223e-18	5.3	0.09765625
0	0.6221517	-0.7822243	0	-1.6543708e-18	-2.5249213e-18	5.4	0.09765625
0	0.7087173	-0.7051981	0	-1.652353e-18	-2.5260375e-18	5.5	0.09765625
0	0.78534067	-0.618168	0	-1.6545521e-18	-2.5248249e-18	5.6	0.09765625
0	0.8482419	-0.5270227	0	-1.6602432e-18	-2.522172e-18	5.7	0.09765625
0	0.8977527	-0.43522644	0	-1.6678659e-18	-2.5194493e-18	5.8	0.09765625
0	0.93551666	-0.3442328	0	-1.6758564e-18	-2.5173964e-18	5.9	0.09765625
0	0.96325654	-0.25396758	0	-1.6830058e-18	-2.5160839e-18	6	0.09765625
0	0.9820971	-0.16411504	0	-1.688487e-18	-2.515346e-18	6.1	0.09765625
0	0.9926665	-0.07449701	0	-1.6917825e-18	-2.5150009e-18	6.2	0.09765625
0	0.99388963	-3.8427856e-09	0	-4.3608057e-19	-1.2555621e-18	0	0.048828125
0	0.99078125	0.07964298	0	-4.348278e-19	-1.2554267e-18	0.1	0.048828125
0	0.98132586	0.15976958	0	-4.31128e-19	-1.2550775e-18	0.2	0.048828125
0	0.96509755	0.24095887	0	-4.2517257e-19	-1.2546923e-18	0.3	0.048828125
0	0.94111615	0.32436222	0	-4.1733017e-19	-1.2546128e-18	0.4	0.048828125
0	0.90751654	0.41149548	0	-4.0825008e-19	-1.2553252e-18	0.5	0.048828125
0	0.85998595	0.505914	0	-3.9906458e-19	-1.2575176e-18	0.6	0.048828125
0	0.7905954	0.61095834	0	-3.9177673e-19	-1.2610971e-18	0.7	0.048828125
0	0.6910256	0.72245294	0	-3.8943464e-19	-1.2629e-18	0.8	0.048828125
0	0.5788957	0.8138946	0	-3.9354108e-19	-1.2599878e-18	0.9	0.048828125
0	0.4773281	0.8757083	0	-4.0166156e-19	-1.2566926e-18	1	0.048828125
0	0.38559955	0.9184674	0	-4.1097512e-19	-1.2550085e-18	1.1	0.048828125
0	0.29970476	0.94900614	0	-4.1978416e-19	-1.2545788e-18	1.2	0.048828125
0	0.21705726	0.9705858	0	-4.2712794e-19	-1.25479e-18	1.3	0.048828125
0	0.13624236	0.9847679	0	-4.3245385e-19	-1.2551912e-18	1.4	0.048828125
0	0.05642992	0.9923303	0	-4.354521e-19	-1.2554946e-18	1.5	0.048828125
0	-0.023310816	0.9936238	0	-4.359741e-19	-1.2555511e-18	1.6	0.048828125
0	-0.102940865	0.98869157	0	-4.339953e-19	-1.2553402e-18	1.7	0.048828125
0	-0.18331726	0.97731924	0	-4.2961031e-19	-1.2549561e-18	1.8	0.048828125
0	-0.26500908	0.9589625	0	-4.2305522e-19	-1.2546165e-18	1.9	0.048828125
0	-0.3493448	0.9324124	0	-4.1476767e-19	-1.2547149e-18	2	0.048828125
0	-0.43810666	0.8953657	0	-4.0550991e-19	-1.255783e-18	2.1	0.048828125
0	-0.53534216	0.8424803	0	-3.9661935e-19	-1.2584703e-18	2.2	0.048828125
0	-0.64386886	0.76444596	0	-3.9043897e-19	-1.2620759e-18	2.3	0.048828125
0	-0.75250226	0.657946	0	-3.9002243e-19	-1.2624079e-18	2.4	0.048828125
0	-0.8345667	0.54791707	0	-3.9564576e-19	-1.2588861e-18	2.5	0.048828125
0	-0.8897789	0.44969684	0	-4.0435253e-19	-1.256031e-18	2.6	0.048828125
0	-0.9284602	0.36004677	0	-4.136531e-19	-1.2547815e-18	2.7	0.048828125
0	-0.95613134	0.27535647	0	-4.2211065e-19	-1.2546018e-18	2.8	0.048828125
0	-0.9754434	0.19333105	0	-4.2890868e-19	-1.2549043e-18	2.9	0.048828125
0	-0.9876405	0.11284247	0	-4.335787e-19	-1.2552986e-18	3	0.048828125
0	-0.9933521	0.03314657	0	-4.358634e-19	-1.2555389e-18	3.1	0.048828125
0	-0.9928301	-0.04652364	0	-4.3565194e-19	-1.2555156e-18	3.2	0.048828125
0	-0.9860547	-0.1263046	0	-4.3295515e-19	-1.2552378e-18	3.3	0.048828125
0	-0.97272134	-0.20697568	0	-4.2790477e-19	-1.2548372e-18	3.4	0.048828125
0	-0.95211357	-0.28935948	0	-4.2078748e-19	-1.2545842e-18	3.5	0.048828125
0	-0.9228378	-0.37467158	0	-4.1211883e-19	-1.2548962e-18	3.6	0.048828125
0	-0.881917	-0.46539435	0	-4.0279524e-19	-1.2563795e-18	3.7	0.048828125
0	-0.82296604	-0.5656183	0	-3.943983e-19	-1.2595137e-18	3.8	0.048828125
0	-0.7355003	-0.6770533	0	-3.8961383e-19	-1.2627477e-18	3.9	0.048828125
0	-0.6248436	-0.7798535	0	-3.9115156e-19	-1.2615381e-18	4	0.048828125
0	-0.51827157	-0.8528033	0	-3.9800452e-19	-1.2579051e-18	4.1	0.048828125
0	-0.42279324	-0.90247166	0	-4.070871e-19	-1.2555139e-18	4.2	0.048828125
0	-0.33479312	-0.93756974	0	-4.1625502e-19	-1.2546332e-18	4.3	0.048828125
0	-0.25115523	-0.9625721	0	-4.2429374e-19	-1.254658e-18	4.4	0.048828125
0	-0.16972964	-0.9797001	0	-4.3050783e-19	-1.2550251e-18	4.5	0.048828125
0	-0.08951956	-0.9899608	0	-4.345004e-19	-1.2553922e-18	4.6	0.048828125
0	-0.009928085	-0.9938416	0	-4.3606196e-19	-1.2555605e-18	4.7	0.048828125
0	0.06977874	-0.99150425	0	-4.351188e-19	-1.2554579e-18	4.8	0.048828125
0	0.1497925	-0.9828537	0	-4.317149e-19	-1.2551274e-18	4.9	0.048828125
0	0.23083058	-0.9674967	0	-4.260226e-19	-1.2547337e-18	5	0.048828125
0	0.31389758	-0.9445487	0	-4.1838555e-19	-1.254594e-18	5.1	0.048828125
0	0.4003804	-0.9123203	0	-4.0940997e-19	-1.2551692e-18	5.2	0.048828125
0	0.49369794	-0.8668547	0	-4.0015077e-19	-1.2571522e-18	5.3	0.048828125
0	0.5972362	-0.8008165	0	-3.9247776e-19	-1.2606335e-18	5.4	0.048828125
0	0.70904225	-0.70480585	0	-3.8936182e-19	-1.26296e-18	5.5	0.048828125
0	0.8043463	-0.59237504	0	-3.9274634e-19	-1.2604643e-18	5.6	0.048828125
0	0.86922985	-0.48937753	0	-4.0054533e-19	-1.2570284e-18	5.7	0.048828125
0	0.9139411	-0.3965467	0	-4.098233e-19	-1.2551319e-18	5.8	0.048828125
0	0.9457639	-0.31009865	0	-4.1875755e-19	-1.2545826e-18	5.9	0.048828125
0	0.9683327	-0.22718951	0	-4.2631857e-19	-1.2547472e-18	6	0.048828125
0	0.98337555	-0.14622532	0	-4.3191515e-19	-1.2551445e-18	6.1	0.048828125
0	0.99174	-0.06624584	0	-4.352128e-19	-1.2554677e-18	6.2	0.048828125
0	0.9928579	-4.8380393e-09	0	1.913867e-19	-6.2712946e-19	0	0.024414062
0	0.99077684	0.06516897	0	1.9247036e-19	-6.26798e-19	0.1	0.024414062
0	0.98444784	0.13085647	0	1.9569599e-19	-6.258432e-19	0.2	0.024414062
0	0.97360706	0.19752657	0	2.0098414e-19	-6.243738e-19	0.3	0.024414062
0	0.9575079	0.26672626	0	2.0817883e-19	-6.2266594e-19	0.4	0.024414062
0	0.93480307	0.34004998	0	2.1700341e-19	-6.211526e-19	0.5	0.024414062
0	0.90197784	0.42210808	0	2.2694196e-19	-6.207603e-19	0.6	0.024414062
0	0.8471523	0.52684534	0	2.368531e-19	-6.236446e-19	0.7	0.024414062
0	0.6591714	0.7513363	0	2.418537e-19	-6.305193e-19	0.8	0.024414062
0	0.49224377	0.8670258	0	2.340876e-19	-6.222597e-19	0.9	0.024414062
0	0.39657956	0.9130746	0	2.239718e-19	-6.206492e-19	1	0.024414062
0	0.31804502	0.9422483	0	2.1428153e-19	-6.21536e-19	1.1	0.024414062
0	0.24613997	0.9628248	0	2.0589344e-19	-6.2316473e-19	1.2	0.024414062
0	0.17787105	0.97727215	0	1.9923331e-19	-6.248435e-19	1.3	0.024414062
0	0.11150391	0.986757	0	1.9453533e-19	-6.261779e-19	1.4	0.024414062
0	0.046136625	0.99181485	0	1.9192957e-19	-6.269626e-19	1.5	0.024414062
0	-0.019103462	0.99267834	0	1.9147857e-19	-6.271009e-19	1.6	0.024414062
0	-0.08423104	0.9893799	0	1.9319252e-19	-6.2657866e-19	1.7	0.024414062
0	-0.15011424	0.9817779	0	1.970317e-19	-6.254559e-19	1.8	0.024414062
0	-0.21741067	0.9694947	0	2.028971e-19	-6.238838e-19	1.9	0.024414062
0	-0.28759372	0.9516524	0	2.1060415e-19	-6.221763e-19	2	0.024414062
0	-0.36279964	0.9265174	0	2.1982345e-19	-6.208627e-19	2.1	0.024414062
0	-0.44915858	0.8892975	0	2.2992243e-19	-6.2110743e-19	2.2	0.024414062
0	-0.5691326	0.8202154	0	2.39347e-19	-6.258536e-19	2.3	0.024414062
0	-0.8057963	0.5899272	0	2.402668e-19	-6.270064e-19	2.4	0.024414062
0	-0.88328767	0.46129605	0	2.3117824e-19	-6.213531e-19	2.5	0.024414062
0	-0.9227205	0.37270054	0	2.2104505e-19	-6.207742e-19	2.6	0.024414062
0	-0.9489951	0.2965439	0	2.1167344e-19	-6.2197447e-19	2.7	0.024414062
0	-0.96761096	0.2259132	0	2.0375698e-19	-6.236712e-19	2.8	0.024414062
0	-0.98052084	0.15835994	0	1.9765193e-19	-6.252814e-19	2.9	0.024414062
0	-0.98868084	0.092298314	0	1.9355473e-19	-6.264686e-19	3	0.024414062
0	-0.99249613	0.027153553	0	1.9157453e-19	-6.2707177e-19	3.1	0.024414062
0	-0.99214697	-0.03808417	0	1.9175701e-19	-6.270159e-19	3.2	0.024414062
0	-0.98762196	-0.10331525	0	1.9409801e-19	-6.2630595e-19	3.3	0.024414062
0	-0.9787018	-0.16956815	0	1.9854211e-19	-6.250328e-19	3.4	0.024414062
0	-0.96489114	-0.23762982	0	2.0496882e-19	-6.233885e-19	3.5	0.024414062
0	-0.9451776	-0.3089112	0	2.1316048e-19	-6.2172094e-19	3.6	0.024414062
0	-0.9172537	-0.3864453	0	2.227228e-19	-6.206978e-19	3.7	0.024414062
0	-0.87429476	-0.4787326	0	2.3286515e-19	-6.218219e-19	3.8	0.024414062
0	-0.77917284	-0.625461	0	2.4131012e-19	-6.2898633e-19	3.9	0.024414062
0	-0.54310817	-0.837153	0	2.3795497e-19	-6.244139e-19	4	0.024414062
0	-0.433349	-0.896826	0	2.2820778e-19	-6.208722e-19	4.1	0.024414062
0	-0.3496376	-0.9313851	0	2.1818874e-19	-6.210204e-19	4.2	0.024414062
0	-0.27553108	-0.95509493	0	2.0919113e-19	-6.224553e-19	4.3	0.024414062
0	-0.20594333	-0.97191626	0	2.0177568e-19	-6.241688e-19	4.4	0.024414062
0	-0.13887782	-0.98338085	0	1.9624088e-19	-6.256775e-19	4.5	0.024414062
0	-0.073221795	-0.9902303	0	1.9275393e-19	-6.267107e-19	4.6	0.024414062
0	-0.0081892405	-0.9928242	0	1.9140261e-19	-6.271241e-19	4.7	0.024414062
0	0.057075497	-0.99126166	0	1.9221794e-19	-6.268742e-19	4.8	0.024414062
0	0.12253454	-0.9854866	0	1.9518163e-19	-6.2598625e-19	4.9	0.024414062
0	0.18917698	-0.97521234	0	2.0022097e-19	-6.24577e-19	5	0.024414062
0	0.25799406	-0.95981854	0	2.0719163e-19	-6.228799e-19	5.1	0.024414062
0	0.33061552	-0.93806285	0	2.1583547e-19	-6.2130384e-19	5.2	0.024414062
0	0.41116902	-0.9068343	0	2.2567873e-19	-6.2069446e-19	5.3	0.024414062
0	0.5114713	-0.8562113	0	2.357044e-19	-6.2297257e-19	5.4	0.024414062
0	0.7126669	-0.70108765	0	2.4210442e-19	-6.314455e-19	5.5	0.024414062
0	0.8591502	-0.5063442	0	2.3528387e-19	-6.2277606e-19	5.6	0.024414062
0	0.90848184	-0.40737763	0	2.2522807e-19	-6.2068697e-19	5.7	0.024414062
0	0.9391695	-0.32734397	0	2.154233e-19	-6.213686e-19	5.8	0.024414062
0	0.96063626	-0.25482783	0	2.0684546e-19	-6.229514e-19	5.9	0.024414062
0	0.9757684	-0.18619393	0	1.9995605e-19	-6.2464797e-19	6	0.024414062
0	0.9858354	-0.11960834	0	1.9500629e-19	-6.260374e-19	6.1	0.024414062
0	0.9914188	-0.05419605	0	1.9213683e-19	-6.268993e-19	6.2	0.024414062
0	0.9922451	-1.2551256e-08	0	5.048562e-19	-3.1337117e-19	0	0.012207031
0	0.99112487	0.047779053	0	5.056721e-19	-3.1295998e-19	0.1	0.012207031
0	0.98775965	0.095599204	0	5.0811234e-19	-3.1173452e-19	0.2	0.012207031
0	0.9820158	0.14421877	0	5.121537e-19	-3.0974874e-19	0.3	0.012207031
0	0.97372806	0.19371766	0	5.177522e-19	-3.070721e-19	0.4	0.012207031
0	0.96246487	0.24509679	0	5.2484015e-19	-3.038659e-19	0.5	0.012207031
0	0.9474042	0.29978868	0	5.3331e-19	-3.0040824e-19	0.6	0.012207031
0	0.9269011	0.36024722	0	5.4298167e-19	-2.9719025e-19	0.7	0.012207031
0	0.41144732	0.9061814	0	5.50376e-19	-2.9583293e-19	0.8	0.012207031
0	0.34185562	0.93358034	0	5.4004864e-19	-2.9807104e-19	0.9	0.012207031
0	0.28342465	0.95224977	0	5.3070223e-19	-3.0142697e-19	1	0.012207031
0	0.22978187	0.96611	0	5.2262124e-19	-3.0484e-19	1.1	0.012207031
0	0.1791067	0.97643316	0	5.1595897e-19	-3.079168e-19	1.2	0.012207031
0	0.12993799	0.9839476	0	5.108093e-19	-3.1040363e-19	1.3	0.012207031
0	0.081651725	0.9889741	0	5.0723217e-19	-3.121765e-19	1.4	0.012207031
0	0.033888113	0.99168074	0	5.052645e-19	-3.131654e-19	1.5	0.012207031
0	-0.014099437	0.99214596	0	5.0492506e-19	-3.1333625e-19	1.6	0.012207031
0	-0.061932772	0.9903635	0	5.0621685e-19	-3.1269001e-19	1.7	0.012207031
0	-0.109687075	0.9863374	0	5.0912786e-19	-3.112294e-19	1.8	0.012207031
0	-0.15849726	0.9798797	0	5.136292e-19	-3.090304e-19	1.9	0.012207031
0	-0.20846912	0.9707747	0	5.196716e-19	-3.061804e-19	2	0.012207031
0	-0.26072142	0.9584905	0	5.271768e-19	-3.0287236e-19	2.1	0.012207031
0	-0.3166568	0.94210017	0	5.360211e-19	-2.9940945e-19	2.2	0.012207031
0	-0.3805053	0.9190841	0	5.4599054e-19	-2.9651964e-19	2.3	0.012207031
0	-0.9154784	0.38944235	0	5.4728606e-19	-2.9627797e-19	2.4	0.012207031
0	-0.93966657	0.32407612	0	5.372011e-19	-2.9900547e-19	2.5	0.012207031
0	-0.9567116	0.2674027	0	5.282033e-19	-3.0244272e-19	2.6	0.012207031
0	-0.9694417	0.21478362	0	5.2052455e-19	-3.057897e-19	2.7	0.012207031
0	-0.97889936	0.16462862	0	5.142961e-19	-3.0871104e-19	2.8	0.012207031
0	-0.98566365	0.11575965	0	5.0960075e-19	-3.1099884e-19	2.9	0.012207031
0	-0.99000204	0.06762015	0	5.0649065e-19	-3.1254756e-19	3	0.012207031
0	-0.99204755	0.019993769	0	5.049975e-19	-3.1330037e-19	3.1	0.012207031
0	-0.99185973	-0.027982095	0	5.0513464e-19	-3.1323117e-19	3.2	0.012207031
0	-0.98943365	-0.07570307	0	5.0690114e-19	-3.1234234e-19	3.3	0.012207031
0	-0.98471266	-0.12381876	0	5.1028064e-19	-3.1065962e-19	3.4	0.012207031
0	-0.97750735	-0.17295362	0	5.1523793e-19	-3.0826033e-19	3.5	0.012207031
0	-0.96755373	-0.22341143	0	5.217169e-19	-3.0524857e-19	3.6	0.012207031
0	-0.9541928	-0.2765691	0	5.2962865e-19	-3.0185708e-19	3.7	0.012207031
0	-0.93623626	-0.33422586	0	5.3882964e-19	-2.9846008e-19	3.8	0.012207031
0	-0.910223	-0.40205616	0	5.490598e-19	-2.960124e-19	3.9	0.012207031
0	-0.36888817	-0.9236268	0	5.442497e-19	-2.9691043e-19	4	0.012207031
0	-0.3069341	-0.94519603	0	5.344478e-19	-2.999868e-19	4.1	0.012207031
0	-0.25163823	-0.9608324	0	5.25817e-19	-3.0344224e-19	4.2	0.012207031
0	-0.1999588	-0.9725058	0	5.185507e-19	-3.066994e-19	4.3	0.012207031
0	-0.15023735	-0.9811404	0	5.1276295e-19	-3.0944964e-19	4.4	0.012207031
0	-0.10177202	-0.9871608	0	5.085261e-19	-3.1153542e-19	4.5	0.012207031
0	-0.05368528	-0.9908311	0	5.058859e-19	-3.128519e-19	4.6	0.012207031
0	-0.0061113094	-0.99222493	0	5.0486793e-19	-3.1336463e-19	4.7	0.012207031
0	0.041878812	-0.9913841	0	5.0548185e-19	-3.1305565e-19	4.8	0.012207031
0	0.08965055	-0.98830104	0	5.0772186e-19	-3.1192937e-19	4.9	0.012207031
0	0.13810165	-0.9828682	0	5.1156654e-19	-3.1003143e-19	5	0.012207031
0	0.18748513	-0.97490865	0	5.169756e-19	-3.0743527e-19	5.1	0.012207031
0	0.23855492	-0.96405196	0	5.2388404e-19	-3.0428123e-19	5.2	0.012207031
0	0.29277852	-0.9495159	0	5.321907e-19	-3.0083783e-19	5.3	0.012207031
0	0.3525429	-0.9297472	0	5.417276e-19	-2.9757605e-19	5.4	0.012207031
0	0.90142614	-0.42218143	0	5.516973e-19	-2.9582238e-19	5.5	0.012207031
0	0.930763	-0.34974647	0	5.41283e-19	-2.9770843e-19	5.6	0.012207031
0	0.95025516	-0.2902808	0	5.3179545e-19	-3.009905e-19	5.7	0.012207031
0	0.9646053	-0.23622991	0	5.2354815e-19	-3.044286e-19	5.8	0.012207031
0	0.97532094	-0.18525726	0	5.1670437e-19	-3.075624e-19	5.9	0.012207031
0	0.9831613	-0.1359347	0	5.113636e-19	-3.1013067e-19	6	0.012207031
0	0.9884795	-0.08760323	0	5.0758935e-19	-3.119985e-19	6.1	0.012207031
0	0.9914678	-0.03978874	0	5.0542085e-19	-3.1308703e-19	6.2	0.012207031
0	0.99190956	-1.1606687e-08	0	6.6151515e-19	-1.566326e-19	0	0.0061035156
0	0.9914293	0.03123087	0	6.6205375e-19	-1.56267e-19	0.1	0.0061035156
0	0.99001	0.062187776	0	6.63667e-19	-1.5516733e-19	0.2	0.0061035156
0	0.98763317	0.09329068	0	6.6634625e-19	-1.5334516e-19	0.3	0.0061035156
0	0.9843058	0.12432869	0	6.7007746e-19	-1.5080761e-19	0.4	0.0061035156
0	0.9799664	0.1556932	0	6.7484e-19	-1.475899e-19	0.5	0.0061035156
0	0.9745976	0.18725431	0	6.8060747e-19	-1.4371432e-19	0.6	0.0061035156
0	0.968473	0.21760355	0	6.8734666e-19	-1.3910513e-19	0.7	0.0061035156
0	0.2425506	0.962726	0	6.926832e-19	-1.3574021e-19	0.8	0.0061035156
0	0.20984946	0.9701293	0	6.852798e-19	-1.4059894e-19	0.9	0.0061035156
0	0.17802387	0.97627246	0	6.788205e-19	-1.4491283e-19	1	0.0061035156
0	0.14655562	0.9813326	0	6.733433e-19	-1.4860103e-19	1.1	0.0061035156
0	0.11544914	0.98535573	0	6.6887944e-19	-1.5162912e-19	1.2	0.0061035156
0	0.08437791	0.9884119	0	6.654537e-19	-1.5395663e-19	1.3	0.0061035156
0	0.05319308	0.9905195	0	6.6308447e-19	-1.5556492e-19	1.4	0.0061035156
0	0.022198068	0.991666	0	6.6178445e-19	-1.564498e-19	1.5	0.0061035156
0	-0.009576094	0.99186254	0	6.6156044e-19	-1.5660254e-19	1.6	0.0061035156
0	-0.04029472	0.9911113	0	6.624134e-19	-1.5602184e-19	1.7	0.0061035156
0	-0.071316965	0.98941135	0	6.643392e-19	-1.5471077e-19	1.8	0.0061035156
0	-0.10226013	0.9867699	0	6.6732734e-19	-1.5267388e-19	1.9	0.0061035156
0	-0.13363178	0.9831217	0	6.7136207e-19	-1.4994524e-19	2	0.0061035156
0	-0.16492239	0.97850096	0	6.7642116e-19	-1.4652667e-19	2.1	0.0061035156
0	-0.19654673	0.97282356	0	6.824762e-19	-1.4246533e-19	2.2	0.0061035156
0	-0.22872806	0.96599144	0	6.8949206e-19	-1.3781464e-19	2.3	0.0061035156
0	-0.965055	0.2327798	0	6.904264e-19	-1.3720176e-19	2.4	0.0061035156
0	-0.97203803	0.20051993	0	6.832944e-19	-1.4192137e-19	2.5	0.0061035156
0	-0.9778588	0.16880527	0	6.7711847e-19	-1.4605672e-19	2.6	0.0061035156
0	-0.98258734	0.13762215	0	6.719344e-19	-1.495641e-19	2.7	0.0061035156
0	-0.98637164	0.10614248	0	6.677716e-19	-1.5237347e-19	2.8	0.0061035156
0	-0.9891352	0.07515352	0	6.6465265e-19	-1.5449762e-19	2.9	0.0061035156
0	-0.99095345	0.044104908	0	6.625946e-19	-1.5589848e-19	3	0.0061035156
0	-0.99182236	0.013182691	0	6.616083e-19	-1.5656994e-19	3.1	0.0061035156
0	-0.99174196	-0.018379416	0	6.6169905e-19	-1.565085e-19	3.2	0.0061035156
0	-0.99071294	-0.04934767	0	6.6286604e-19	-1.5571418e-19	3.3	0.0061035156
0	-0.98870975	-0.08070899	0	6.6510336e-19	-1.5420041e-19	3.4	0.0061035156
0	-0.9858104	-0.11137989	0	6.6839905e-19	-1.5194729e-19	3.5	0.0061035156
0	-0.9818863	-0.14268303	0	6.7273545e-19	-1.490127e-19	3.6	0.0061035156
0	-0.976959	-0.17409606	0	6.7808844e-19	-1.4540388e-19	3.7	0.0061035156
0	-0.97089607	-0.2061549	0	6.844281e-19	-1.4118513e-19	3.8	0.0061035156
0	-0.9636703	-0.23864037	0	6.9171655e-19	-1.3638513e-19	3.9	0.0061035156
0	-0.22366565	-0.9671379	0	6.8824694e-19	-1.3866562e-19	4	0.0061035156
0	-0.18974565	-0.97412956	0	6.8138977e-19	-1.4309474e-19	4.1	0.0061035156
0	-0.1596436	-0.9793497	0	6.755e-19	-1.471477e-19	4.2	0.0061035156
0	-0.12826638	-0.98381513	0	6.706113e-19	-1.5044842e-19	4.3	0.0061035156
0	-0.097034276	-0.9872825	0	6.667512e-19	-1.5306578e-19	4.4	0.0061035156
0	-0.06607672	-0.989765	0	6.6394065e-19	-1.5498153e-19	4.5	0.0061035156
0	-0.035067808	-0.99130446	0	6.621948e-19	-1.561705e-19	4.6	0.0061035156
0	-0.0043543368	-0.99189836	0	6.615227e-19	-1.5662731e-19	4.7	0.0061035156
0	0.027390731	-0.9915397	0	6.619279e-19	-1.5635213e-19	4.8	0.0061035156
0	0.05835212	-0.99023694	0	6.634084e-19	-1.5534321e-19	4.9	0.0061035156
0	0.089363635	-0.9879859	0	6.659564e-19	-1.5360754e-19	5	0.0061035156
0	0.12047388	-0.9847712	0	6.695581e-19	-1.5115983e-19	5.1	0.0061035156
0	0.15189423	-0.98054457	0	6.741942e-19	-1.4802998e-19	5.2	0.0061035156
0	0.18334661	-0.97531736	0	6.798388e-19	-1.4423002e-19	5.3	0.0061035156
0	0.21558686	-0.96891123	0	6.864599e-19	-1.3984075e-19	5.4	0.0061035156
0	0.96170044	-0.24672437	0	6.936641e-19	-1.3510826e-19	5.5	0.0061035156
0	0.96929806	-0.21378079	0	6.8614694e-19	-1.4002008e-19	5.6	0.0061035156
0	0.97557205	-0.18194273	0	6.795686e-19	-1.4441131e-19	5.7	0.0061035156
0	0.98076665	-0.15040945	0	6.7396805e-19	-1.4817794e-19	5.8	0.0061035156
0	0.9849355	-0.119082965	0	6.6937735e-19	-1.5128248e-19	5.9	0.0061035156
0	0.98807544	-0.08834135	0	6.6582213e-19	-1.5371049e-19	6	0.0061035156
0	0.99031454	-0.056982093	0	6.6332104e-19	-1.5540333e-19	6.1	0.0061035156
0	0.9915749	-0.026051559	0	6.61888e-19	-1.563801e-19	6.2	0.0061035156
0	0.99173385	-1.4394319e-08	0	7.3982434e-19	-7.830243e-20	0	0.0030517578
0	0.99156237	0.018582026	0	7.4014394e-19	-7.804423e-20	0.1	0.0030517578
0	0.9910699	0.0366981	0	7.4110027e-19	-7.726587e-20	0.2	0.0030517578
0	0.9902612	0.054692745	0	7.426882e-19	-7.597022e-20	0.3	0.0030517578
0	0.98914856	0.072470635	0	7.448982e-19	-7.416152e-20	0.4	0.0030517578
0	0.98774815	0.08996909	0	7.4771735e-19	-7.184628e-20	0.5	0.0030517578
0	0.9860802	0.10712346	0	7.5112864e-19	-6.903308e-20	0.6	0.0030517578
0	0.98417413	0.12382898	0	7.551124e-19	-6.573095e-20	0.7	0.0030517578
0	0.13530625	0.98270255	0	7.582648e-19	-6.31022e-20	0.8	0.0030517578
0	0.119109154	0.98474085	0	7.5389055e-19	-6.6749695e-20	0.9	0.0030517578
0	0.102150194	0.98659384	0	7.5007166e-19	-6.9905415e-20	1	0.0030517578
0	0.085003175	0.98817647	0	7.468312e-19	-7.257766e-20	1.1	0.0030517578
0	0.067306146	0.989504	0	7.4418834e-19	-7.474246e-20	1.2	0.0030517578
0	0.049458485	0.9905294	0	7.421588e-19	-7.64019e-20	1.3	0.0030517578
0	0.031720303	0.9912375	0	7.407547e-19	-7.755016e-20	1.4	0.0030517578
0	0.013263399	0.99164546	0	7.399838e-19	-7.817338e-20	1.5	0.0030517578
0	-0.0056904117	0.99171597	0	7.3985086e-19	-7.828074e-20	1.6	0.0030517578
0	-0.02410808	0.9914463	0	7.403568e-19	-7.7872495e-20	1.7	0.0030517578
0	-0.042171046	0.9908578	0	7.414983e-19	-7.694377e-20	1.8	0.0030517578
0	-0.05991423	0.98996675	0	7.43269e-19	-7.5494894e-20	1.9	0.0030517578
0	-0.077610984	0.98876864	0	7.4565834e-19	-7.353736e-20	2	0.0030517578
0	-0.09499178	0.98729	0	7.486524e-19	-7.10749e-20	2.1	0.0030517578
0	-0.11202247	0.9855501	0	7.5223334e-19	-6.811763e-20	2.2	0.0030517578
0	-0.12874442	0.98356014	0	7.563797e-19	-6.468198e-20	2.3	0.0030517578
0	-0.9833155	0.13064948	0	7.56932e-19	-6.42173e-20	2.4	0.0030517578
0	-0.98531556	0.11412242	0	7.5271756e-19	-6.771805e-20	2.5	0.0030517578
0	-0.9870742	0.09726856	0	7.490654e-19	-7.074018e-20	2.6	0.0030517578
0	-0.98860013	0.079784356	0	7.4599744e-19	-7.325958e-20	2.7	0.0030517578
0	-0.98983	0.062191423	0	7.4353254e-19	-7.528156e-20	2.8	0.0030517578
0	-0.9907715	0.04420371	0	7.416845e-19	-7.6789606e-20	2.9	0.0030517578
0	-0.9913967	0.026112055	0	7.4046453e-19	-7.778341e-20	3	0.0030517578
0	-0.99169886	0.008192768	0	7.3987987e-19	-7.825885e-20	3.1	0.0030517578
0	-0.9916723	-0.011011045	0	7.399336e-19	-7.821481e-20	3.2	0.0030517578
0	-0.99131376	-0.029169591	0	7.406254e-19	-7.765261e-20	3.3	0.0030517578
0	-0.9906352	-0.047232993	0	7.4195144e-19	-7.657176e-20	3.4	0.0030517578
0	-0.9896473	-0.06510765	0	7.439041e-19	-7.4975774e-20	3.5	0.0030517578
0	-0.9883637	-0.08273704	0	7.464717e-19	-7.2870495e-20	3.6	0.0030517578
0	-0.9868028	-0.100055814	0	7.4963925e-19	-7.026376e-20	3.7	0.0030517578
0	-0.9849955	-0.11692644	0	7.5338747e-19	-6.71625e-20	3.8	0.0030517578
0	-0.9829651	-0.13333137	0	7.5769424e-19	-6.3579926e-20	3.9	0.0030517578
0	-0.12600571	-0.9839052	0	7.5564397e-19	-6.529465e-20	4	0.0030517578
0	-0.10922981	-0.98585516	0	7.5159104e-19	-6.86507e-20	4.1	0.0030517578
0	-0.0921263	-0.98755455	0	7.4810737e-19	-7.152497e-20	4.2	0.0030517578
0	-0.07506891	-0.98895997	0	7.45214e-19	-7.391293e-20	4.3	0.0030517578
0	-0.056910135	-0.9901395	0	7.429277e-19	-7.577391e-20	4.4	0.0030517578
0	-0.039300907	-0.9909728	0	7.412622e-19	-7.713834e-20	4.5	0.0030517578
0	-0.020832319	-0.99151856	0	7.4022713e-19	-7.7976e-20	4.6	0.0030517578
0	-0.002631555	-0.99172837	0	7.3982863e-19	-7.8298564e-20	4.7	0.0030517578
0	0.01632057	-0.99160105	0	7.4006893e-19	-7.81044e-20	4.8	0.0030517578
0	0.03449312	-0.9911472	0	7.409466e-19	-7.739087e-20	4.9	0.0030517578
0	0.052476976	-0.99037796	0	7.4245664e-19	-7.615875e-20	5	0.0030517578
0	0.07029398	-0.9893016	0	7.445902e-19	-7.441354e-20	5.1	0.0030517578
0	0.08780756	-0.9879375	0	7.4733473e-19	-7.215999e-20	5.2	0.0030517578
0	0.10539111	-0.9862622	0	7.5067406e-19	-6.9422044e-20	5.3	0.0030517578
0	0.12173264	-0.9844285	0	7.545879e-19	-6.6163896e-20	5.4	0.0030517578
0	0.98242956	-0.13732909	0	7.588447e-19	-6.262e-20	5.5	0.0030517578
0	0.9844917	-0.12120874	0	7.544036e-19	-6.632646e-20	5.6	0.0030517578
0	0.9863769	-0.10428047	0	7.5051457e-19	-6.954104e-20	5.7	0.0030517578
0	0.9879936	-0.087158225	0	7.4720135e-19	-7.227401e-20	5.8	0.0030517578
0	0.98932695	-0.069928825	0	7.4448354e-19	-7.4511816e-20	5.9	0.0030517578
0	0.990419	-0.051678598	0	7.4237744e-19	-7.6224067e-20	6	0.0030517578
0	0.9911752	-0.033658177	0	7.408953e-19	-7.743302e-20	6.1	0.0030517578
0	0.9916143	-0.015475781	0	7.4004546e-19	-7.812376e-20	6.2	0.0030517578
0	0.99164397	-1.2638802e-08	0	7.789739e-19	-3.9147663e-20	0	0.0015258789
0	0.99158865	0.010400798	0	7.791497e-19	-3.8990903e-20	0.1	0.0015258789
0	0.9914387	0.020300489	0	7.796761e-19	-3.8518593e-20	0.2	0.0015258789
0	0.9911843	0.030458124	0	7.805492e-19	-3.773719e-20	0.3	0.0015258789
0	0.99086547	0.039666105	0	7.817623e-19	-3.6638876e-20	0.4	0.0015258789
0	0.9904579	0.048974928	0	7.8330664e-19	-3.5241138e-20	0.5	0.0015258789
0	0.9899809	0.057996485	0	7.8517075e-19	-3.354856e-20	0.6	0.0015258789
0	0.9894313	0.06689723	0	7.873402e-19	-3.157631e-20	0.7	0.0015258789
0	0.07223931	0.98906296	0	7.890512e-19	-2.9996613e-20	0.8	0.0015258789
0	0.06411385	0.9896114	0	7.8667523e-19	-3.2175898e-20	0.9	0.0015258789
0	0.055672664	0.99011153	0	7.8459337e-19	-3.4078206e-20	1	0.0015258789
0	0.04633792	0.9905821	0	7.8282135e-19	-3.568109e-20	1.1	0.0015258789
0	0.036946967	0.9909684	0	7.8137254e-19	-3.699082e-20	1.2	0.0015258789
0	0.027278628	0.9912749	0	7.802578e-19	-3.799508e-20	1.3	0.0015258789
0	0.017436704	0.991492	0	7.7948553e-19	-3.868914e-20	1.4	0.0015258789
0	0.0074554966	0.9916145	0	7.790612e-19	-3.906926e-20	1.5	0.0015258789
0	-0.003332021	0.9916366	0	7.7898804e-19	-3.9134516e-20	1.6	0.0015258789
0	-0.013305244	0.99155456	0	7.7926654e-19	-3.888554e-20	1.7	0.0015258789
0	-0.023554748	0.9913684	0	7.7989473e-19	-3.8324538e-20	1.8	0.0015258789
0	-0.032906547	0.99110764	0	7.8086786e-19	-3.7445377e-20	1.9	0.0015258789
0	-0.042459294	0.9907522	0	7.821788e-19	-3.62624e-20	2	0.0015258789
0	-0.05163358	0.99032587	0	7.8381774e-19	-3.477677e-20	2.1	0.0015258789
0	-0.060476016	0.9898356	0	7.857726e-19	-3.2998044e-20	2.2	0.0015258789
0	-0.068888366	0.98929715	0	7.880284e-19	-3.0935495e-20	2.3	0.0015258789
0	-0.989199	0.070317544	0	7.8832887e-19	-3.0671124e-20	2.4	0.0015258789
0	-0.98977125	0.061544426	0	7.860369e-19	-3.2757735e-20	2.5	0.0015258789
0	-0.9902681	0.052751128	0	7.840438e-19	-3.457218e-20	2.6	0.0015258789
0	-0.99070483	0.043575224	0	7.823651e-19	-3.6093984e-20	2.7	0.0015258789
0	-0.9910668	0.03414045	0	7.8101287e-19	-3.7315823e-20	2.8	0.0015258789
0	-0.9913486	0.024389056	0	7.7999735e-19	-3.8229774e-20	2.9	0.0015258789
0	-0.9915381	0.014510532	0	7.793263e-19	-3.8832595e-20	3	0.0015258789
0	-0.9916309	0.0047269706	0	7.790042e-19	-3.912105e-20	3.1	0.0015258789
0	-0.9916229	-0.0062106377	0	7.790339e-19	-3.909439e-20	3.2	0.0015258789
0	-0.99150836	-0.016461996	0	7.794149e-19	-3.8754746e-20	3.3	0.0015258789
0	-0.99130666	-0.026071632	0	7.8014433e-19	-3.809803e-20	3.4	0.0015258789
0	-0.9910113	-0.035750575	0	7.812169e-19	-3.713178e-20	3.5	0.0015258789
0	-0.99063617	-0.045143988	0	7.8262474e-19	-3.5858965e-20	3.6	0.0015258789
0	-0.99017125	-0.054579612	0	7.8435763e-19	-3.429345e-20	3.7	0.0015258789
0	-0.9896617	-0.06331918	0	7.864018e-19	-3.2432094e-20	3.8	0.0015258789
0	-0.989133	-0.071253024	0	7.8874215e-19	-3.028121e-20	3.9	0.0015258789
0	-0.06760811	-0.98938376	0	7.876288e-19	-3.1304095e-20	4	0.0015258789
0	-0.059020717	-0.9899216	0	7.854224e-19	-3.3317333e-20	4.1	0.0015258789
0	-0.050102077	-0.9904027	0	7.8351975e-19	-3.504714e-20	4.2	0.0015258789
0	-0.040839914	-0.99081886	0	7.8193507e-19	-3.6482106e-20	4.3	0.0015258789
0	-0.031313926	-0.99115807	0	7.806804e-19	-3.761467e-20	4.4	0.0015258789
0	-0.021553367	-0.9914129	0	7.797648e-19	-3.8438456e-20	4.5	0.0015258789
0	-0.0117871575	-0.99157345	0	7.7919524e-19	-3.8950103e-20	4.6	0.0015258789
0	-0.0016260378	-0.9916406	0	7.7897573e-19	-3.9145324e-20	4.7	0.0015258789
0	0.00912284	-0.99160093	0	7.7910813e-19	-3.9027334e-20	4.8	0.0015258789
0	0.019078454	-0.9914624	0	7.7959115e-19	-3.859416e-20	4.9	0.0015258789
0	0.028833607	-0.9912318	0	7.804216e-19	-3.7846925e-20	5	0.0015258789
0	0.03849246	-0.99091077	0	7.8159303e-19	-3.6791055e-20	5.1	0.0015258789
0	0.047836106	-0.99051243	0	7.8309695e-19	-3.543049e-20	5.2	0.0015258789
0	0.055960983	-0.9900951	0	7.8492213e-19	-3.375516e-20	5.3	0.0015258789
0	0.0654435	-0.98952603	0	7.870547e-19	-3.1827076e-20	5.4	0.0015258789
0	0.98899215	-0.07322187	0	7.8936595e-19	-2.970802e-20	5.5	0.0015258789
0	0.9895436	-0.065175116	0	7.8695487e-19	-3.1921504e-20	5.6	0.0015258789
0	0.99006414	-0.056527622	0	7.848356e-19	-3.385389e-20	5.7	0.0015258789
0	0.9905127	-0.047834646	0	7.830244e-19	-3.5503817e-20	5.8	0.0015258789
0	0.9909266	-0.03807179	0	7.815348e-19	-3.684428e-20	5.9	0.0015258789
0	0.99124265	-0.0284512	0	7.803783e-19	-3.7887043e-20	6	0.0015258789
0	0.99147063	-0.01863779	0	7.7956324e-19	-3.8619964e-20	6.1	0.0015258789
0	0.99160445	-0.008725685	0	7.790956e-19	-3.9039364e-20	6.2	0.0015258789
