# t (s)	mx ()	my ()	mz ()	E_total (J)	E_Zeeman (J)	Angle (rad)	Roundness ()	Size (nm)
0	0.9924612	-2.6958589e-09	0	8.897733e-19	-3.120298e-20	0	1	100
0	0.701091	0.70107645	0	8.820567e-19	-3.11722e-20	0.7853982	1	100
0	0.99194896	-1.1274619e-08	0	8.730334e-19	-3.0536157e-20	0	0.95	100
0	0.70186484	0.7018518	0	8.797855e-19	-3.0555506e-20	0.7853982	0.95	100
0	0.99184924	-8.2701055e-09	0	8.628297e-19	-3.000939e-20	0	0.9	100
0	0.7023594	0.7023483	0	8.764439e-19	-3.005263e-20	0.7853982	0.9	100
0	0.99147606	-7.547657e-09	0	8.456935e-19	-2.9220785e-20	0	0.85	100
0	0.7032558	0.70324326	0	8.725102e-19	-2.931123e-20	0.7853982	0.85	100
0	0.99143225	4.3631398e-10	0	8.3286184e-19	-2.8442208e-20	0	0.8	100
0	0.70427865	0.70426565	0	8.699761e-19	-2.8572996e-20	0.7853982	0.8	100
0	0.99129057	-7.2450472e-09	0	8.1791283e-19	-2.7597534e-20	0	0.75	100
0	0.70522326	0.70521283	0	8.6415243e-19	-2.7765642e-20	0.7853982	0.75	100
0	0.99147004	-9.885411e-09	0	8.0651614e-19	-2.6698304e-20	0	0.7	100
0	0.70620626	0.7062007	0	8.58503e-19	-2.6893603e-20	0.7853982	0.7	100
0	0.99161273	-4.0731685e-09	0	7.9246555e-19	-2.5655002e-20	0	0.65	100
0	0.70687425	0.7068684	0	8.476912e-19	-2.5863385e-20	0.7853982	0.65	100
0	0.99223804	-1.4339717e-08	0	7.8382487e-19	-2.4543998e-20	0	0.6	100
0	0.70669353	0.7066826	0	8.326686e-19	-2.472135e-20	0.7853982	0.6	100
0	0.99272674	-1.3307142e-08	0	7.7322254e-19	-2.3348935e-20	0	0.55	100
0	0.70443434	0.704416	0	8.1057393e-19	-2.3430805e-20	0.7853982	0.55	100
0	0.9936206	-7.96395e-09	0	7.6492147e-19	-2.203453e-20	0	0.5	100
0	0.6989234	0.6988828	0	7.774731e-19	-2.1918717e-20	0.7853982	0.5	100
0	0.9946738	-1.2501577e-08	0	7.547118e-19	-2.0482323e-20	0	0.45	100
0	0.6893618	0.6893362	0	7.287538e-19	-2.007487e-20	0.7853982	0.45	100
0	0.99597013	-1.2093878e-08	0	7.4966474e-19	-1.8947334e-20	0	0.4	100
0	0.67612875	0.6761081	0	6.7039127e-19	-1.819029e-20	0.7853982	0.4	100
0	0.9972224	-1.6727487e-08	0	7.3814517e-19	-1.7184138e-20	0	0.35	100
0	0.66224897	0.66223687	0	6.0128994e-19	-1.613868e-20	0.7853982	0.35	100
0	0.9983651	-1.2959131e-08	0	7.2954254e-19	-1.5366838e-20	0	0.3	100
0	0.6458572	0.64585197	0	5.2268023e-19	-1.4058687e-20	0.7853982	0.3	100
0	0.999112	-1.1108148e-08	0	7.0782905e-19	-1.330018e-20	0	0.25	100
0	0.63142204	0.6314194	0	4.398045e-19	-1.1887132e-20	0.7853982	0.25	100
0	0.9995813	-7.829607e-09	0	6.7237867e-19	-1.100339e-20	0	0.2	100
0	0.6178333	0.61783195	0	3.563121e-19	-9.618209e-21	0.7853982	0.2	100
0	0.9999159	-2.9154446e-09	0	6.2903704e-19	-8.4632896e-21	0	0.15	100
0	0.5974397	0.5974396	0	2.6104853e-19	-7.151295e-21	0.7853982	0.15	100
0	0.9935255	-8.0483105e-09	0	8.400271e-19	-2.8136645e-20	0	1	95
0	0.7015603	0.7015509	0	8.295011e-19	-2.809767e-20	0.7853982	1	95
0	0.9931028	-1.0022856e-08	0	8.256006e-19	-2.7568534e-20	0	0.95	95
0	0.7021384	0.70212704	0	8.2560726e-19	-2.756472e-20	0.7853982	0.95	95
0	0.9926627	-1.1490344e-08	0	8.095529e-19	-2.6905132e-20	0	0.9	95
0	0.70293576	0.70292366	0	8.223264e-19	-2.6943893e-20	0.7853982	0.9	95
0	0.9925995	-6.2829186e-09	0	7.9920257e-19	-2.6347562e-20	0	0.85	95
0	0.70356536	0.7035553	0	8.1915164e-19	-2.641087e-20	0.7853982	0.85	95
0	0.9922673	-8.171922e-09	0	7.82389e-19	-2.556081e-20	0	0.8	95
0	0.70452845	0.70451885	0	8.1432566e-19	-2.5665896e-20	0.7853982	0.8	95
0	0.99234575	-1.2342256e-08	0	7.7118416e-19	-2.4848342e-20	0	0.75	95
0	0.7053055	0.70529693	0	8.0883023e-19	-2.4976058e-20	0.7853982	0.75	95
0	0.99231005	-4.3120667e-09	0	7.574521e-19	-2.3990084e-20	0	0.7	95
0	0.7063086	0.70630443	0	8.0304736e-19	-2.4148635e-20	0.7853982	0.7	95
0	0.9925837	-7.95904e-09	0	7.4710524e-19	-2.3154995e-20	0	0.65	95
0	0.7068388	0.7068343	0	7.936444e-19	-2.3319086e-20	0.7853982	0.65	95
0	0.9931814	-9.824383e-09	0	7.3860373e-19	-2.2120138e-20	0	0.6	95
0	0.70675105	0.70674455	0	7.801469e-19	-2.2260695e-20	0.7853982	0.6	95
0	0.9937415	-1.29780675e-08	0	7.293934e-19	-2.106732e-20	0	0.55	95
0	0.70512164	0.705103	0	7.6071737e-19	-2.1140205e-20	0.7853982	0.55	95
0	0.9945204	-1.1602386e-08	0	7.2099104e-19	-1.98745e-20	0	0.5	95
0	0.70040244	0.7003727	0	7.310686e-19	-1.9794106e-20	0.7853982	0.5	95
0	0.9956353	-1.4500764e-08	0	7.137251e-19	-1.8526783e-20	0	0.45	95
0	0.6919839	0.6919526	0	6.897026e-19	-1.8209617e-20	0.7853982	0.45	95
0	0.9966452	-1.02810365e-08	0	7.04888e-19	-1.7094458e-20	0	0.4	95
0	0.67973065	0.6797138	0	6.3607144e-19	-1.6487742e-20	0.7853982	0.4	95
0	0.99758685	-1.7273543e-08	0	6.918055e-19	-1.5514472e-20	0	0.35	95
0	0.66604584	0.6660331	0	5.719554e-19	-1.464877e-20	0.7853982	0.35	95
0	0.99852747	-1.1111045e-08	0	6.7699e-19	-1.377169e-20	0	0.3	95
0	0.65073985	0.6507337	0	4.971274e-19	-1.2692512e-20	0.7853982	0.3	95
0	0.99931365	-1.2155517e-08	0	6.5759406e-19	-1.18638525e-20	0	0.25	95
0	0.6342195	0.63421726	0	4.1804475e-19	-1.0648236e-20	0.7853982	0.25	95
0	0.99972856	-8.514305e-09	0	6.313344e-19	-9.9013115e-21	0	0.2	95
0	0.6178604	0.6178597	0	3.3710011e-19	-8.6539765e-21	0.7853982	0.2	95
0	0.99990004	-3.4472545e-09	0	5.7896025e-19	-7.663235e-21	0	0.15	95
0	0.6050339	0.60503346	0	2.5659396e-19	-6.5576783e-21	0.7853982	0.15	95
0	0.9940839	-1.45184655e-08	0	7.8955237e-19	-2.5353118e-20	0	1	90
0	0.7023139	0.7023017	0	7.835827e-19	-2.533091e-20	0.7853982	1	90
0	0.9938366	-5.898972e-09	0	7.7780755e-19	-2.4853868e-20	0	0.95	90
0	0.7028107	0.70280004	0	7.794907e-19	-2.485587e-20	0.7853982	0.95	90
0	0.99342304	-8.896325e-09	0	7.6334605e-19	-2.4287205e-20	0	0.9	90
0	0.70345443	0.7034419	0	7.752942e-19	-2.4321504e-20	0.7853982	0.9	90
0	0.9932983	-1.2798054e-08	0	7.5277127e-19	-2.3759695e-20	0	0.85	90
0	0.7041912	0.7041819	0	7.7307995e-19	-2.3821212e-20	0.7853982	0.85	90
0	0.9930867	-9.4684465e-09	0	7.381792e-19	-2.3071392e-20	0	0.8	90
0	0.7049478	0.7049409	0	7.669216e-19	-2.3160955e-20	0.7853982	0.8	90
0	0.99311477	-9.343588e-09	0	7.27362e-19	-2.242056e-20	0	0.75	90
0	0.7057365	0.7057299	0	7.6227325e-19	-2.2532145e-20	0.7853982	0.75	90
0	0.9931419	-1.4596215e-08	0	7.1276494e-19	-2.154721e-20	0	0.7	90
0	0.7065736	0.70657027	0	7.5365294e-19	-2.1679588e-20	0.7853982	0.7	90
0	0.99340177	-1.028362e-08	0	7.0345223e-19	-2.0837596e-20	0	0.65	90
0	0.70694524	0.70694196	0	7.4467116e-19	-2.097116e-20	0.7853982	0.65	90
0	0.99382067	-1.4510199e-08	0	6.9379076e-19	-1.992412e-20	0	0.6	90
0	0.70670754	0.7067021	0	7.312556e-19	-2.0036605e-20	0.7853982	0.6	90
0	0.9945332	-1.4066721e-08	0	6.8717295e-19	-1.8967736e-20	0	0.55	90
0	0.70490456	0.7048898	0	7.1269944e-19	-1.9012405e-20	0.7853982	0.55	90
0	0.9952275	-1.3161364e-08	0	6.772354e-19	-1.7866326e-20	0	0.5	90
0	0.70065403	0.7006332	0	6.8439383e-19	-1.7787915e-20	0.7853982	0.5	90
0	0.99617547	-1.7686226e-08	0	6.699934e-19	-1.6671995e-20	0	0.45	90
0	0.69234425	0.69231784	0	6.4529166e-19	-1.6386283e-20	0.7853982	0.45	90
0	0.99697596	-1.6254415e-08	0	6.609018e-19	-1.5457117e-20	0	0.4	90
0	0.681581	0.6815637	0	5.9834337e-19	-1.4944134e-20	0.7853982	0.4	90
0	0.9978708	-1.4406297e-08	0	6.469104e-19	-1.4002122e-20	0	0.35	90
0	0.66917604	0.6691636	0	5.3966504e-19	-1.3279169e-20	0.7853982	0.35	90
0	0.99869895	-2.1419217e-08	0	6.3011486e-19	-1.2383867e-20	0	0.3	90
0	0.65470177	0.6546953	0	4.688383e-19	-1.1480955e-20	0.7853982	0.3	90
0	0.99932283	-1.6287766e-08	0	6.144834e-19	-1.0760706e-20	0	0.25	90
0	0.638621	0.638618	0	3.968059e-19	-9.725058e-21	0.7853982	0.25	90
0	0.9996933	-7.666273e-09	0	5.818091e-19	-8.909267e-21	0	0.2	90
0	0.62458885	0.6245874	0	3.224943e-19	-7.871979e-21	0.7853982	0.2	90
0	0.99988425	-3.7516386e-09	0	5.400189e-19	-6.927199e-21	0	0.15	90
0	0.6084368	0.6084359	0	2.453846e-19	-5.96126e-21	0.7853982	0.15	90
0	0.9951459	-1.14863115e-08	0	7.3903387e-19	-2.2546026e-20	0	1	85
0	0.70273983	0.7027334	0	7.2989326e-19	-2.2515977e-20	0.7853982	1	85
0	0.9947064	-1.1554032e-08	0	7.2653357e-19	-2.2106358e-20	0	0.95	85
0	0.70325345	0.7032455	0	7.262405e-19	-2.2102765e-20	0.7853982	0.95	85
0	0.99456346	-1.2885347e-08	0	7.167712e-19	-2.1673528e-20	0	0.9	85
0	0.70373017	0.7037257	0	7.2261816e-19	-2.1687868e-20	0.7853982	0.9	85
0	0.9941084	-1.2712623e-08	0	7.0150954e-19	-2.1091005e-20	0	0.85	85
0	0.7044735	0.7044658	0	7.1789304e-19	-2.1136877e-20	0.7853982	0.85	85
0	0.9941213	-1.4592404e-08	0	6.911307e-19	-2.0534573e-20	0	0.8	85
0	0.7051265	0.7051207	0	7.131444e-19	-2.059807e-20	0.7853982	0.8	85
0	0.9942497	-1.4213597e-08	0	6.830976e-19	-1.9996351e-20	0	0.75	85
0	0.7058557	0.705851	0	7.097224e-19	-2.007635e-20	0.7853982	0.75	85
0	0.9941384	-1.5937335e-08	0	6.6744376e-19	-1.9214708e-20	0	0.7	85
0	0.706551	0.7065482	0	7.001399e-19	-1.9312769e-20	0.7853982	0.7	85
0	0.99432355	-1.1113516e-08	0	6.5735997e-19	-1.8534192e-20	0	0.65	85
0	0.7069541	0.70695233	0	6.9146633e-19	-1.8635951e-20	0.7853982	0.65	85
0	0.9946824	-1.3346724e-08	0	6.468815e-19	-1.7697387e-20	0	0.6	85
0	0.7068073	0.7068026	0	6.7822327e-19	-1.7784406e-20	0.7853982	0.6	85
0	0.9954045	-1.3700477e-08	0	6.413479e-19	-1.6850207e-20	0	0.55	85
0	0.70527893	0.7052658	0	6.617501e-19	-1.6884084e-20	0.7853982	0.55	85
0	0.99584866	-1.1088239e-08	0	6.301952e-19	-1.5917645e-20	0	0.5	85
0	0.7019001	0.7018848	0	6.374081e-19	-1.5866132e-20	0.7853982	0.5	85
0	0.9968229	-1.151999e-08	0	6.242283e-19	-1.4848676e-20	0	0.45	85
0	0.69477177	0.694747	0	6.034487e-19	-1.4635888e-20	0.7853982	0.45	85
0	0.9974871	-1.728169e-08	0	6.1166377e-19	-1.3661584e-20	0	0.4	85
0	0.6847682	0.6847491	0	5.58101e-19	-1.32631375e-20	0.7853982	0.4	85
0	0.99826354	-1.8349443e-08	0	6.0109556e-19	-1.245833e-20	0	0.35	85
0	0.6729252	0.6729131	0	5.080015e-19	-1.1876609e-20	0.7853982	0.35	85
0	0.9990003	-1.0955153e-08	0	5.8874565e-19	-1.1060932e-20	0	0.3	85
0	0.6572091	0.6572028	0	4.441345e-19	-1.0290644e-20	0.7853982	0.3	85
0	-0.6363368	0.64512426	0	3.8971322e-19	6.0528364e-21	0	0.25	85
0	0.6421892	0.64194244	0	3.7453303e-19	-8.63707e-21	0.7853982	0.25	85
0	0.9998123	-7.5731235e-09	0	5.422854e-19	-7.902518e-21	0	0.2	85
0	0.624697	0.6246963	0	3.0298977e-19	-6.982825e-21	0.7853982	0.2	85
0	0.9999452	-3.002723e-09	0	4.975034e-19	-6.111665e-21	0	0.15	85
0	0.6081819	0.6081817	0	2.3002802e-19	-5.2569242e-21	0.7853982	0.15	85
0	0.995621	-1.6926936e-08	0	6.8743693e-19	-2.0008001e-20	0	1	80
0	0.70346504	0.703457	0	6.826285e-19	-1.9992387e-20	0.7853982	1	80
0	0.99539	-1.083529e-08	0	6.7881124e-19	-1.9684832e-20	0	0.95	80
0	0.70385766	0.70385015	0	6.7970046e-19	-1.9685028e-20	0.7853982	0.95	80
0	0.9949638	-1.11096226e-08	0	6.6636383e-19	-1.9246583e-20	0	0.9	80
0	0.7044897	0.70448345	0	6.7642876e-19	-1.927232e-20	0.7853982	0.9	80
0	0.99495953	-1.3694388e-08	0	6.568443e-19	-1.8784837e-20	0	0.85	80
0	0.7049488	0.70494187	0	6.7110854e-19	-1.8822288e-20	0.7853982	0.85	80
0	0.99478763	-1.18875345e-08	0	6.45579e-19	-1.8288178e-20	0	0.8	80
0	0.7055663	0.70556194	0	6.663876e-19	-1.8343893e-20	0.7853982	0.8	80
0	0.99459344	-1.4847366e-08	0	6.3090135e-19	-1.7632153e-20	0	0.75	80
0	0.7062748	0.70627177	0	6.587127e-19	-1.7707103e-20	0.7853982	0.75	80
0	0.9947353	-1.14894885e-08	0	6.2236304e-19	-1.7109447e-20	0	0.7	80
0	0.706736	0.70673406	0	6.5236297e-19	-1.7190959e-20	0.7853982	0.7	80
0	0.9951609	-1.1903635e-08	0	6.1508163e-19	-1.6463943e-20	0	0.65	80
0	0.7070241	0.707023	0	6.438097e-19	-1.6542053e-20	0.7853982	0.65	80
0	0.995416	-1.7085862e-08	0	6.0514616e-19	-1.5751466e-20	0	0.6	80
0	0.7066811	0.7066777	0	6.3131644e-19	-1.5814438e-20	0.7853982	0.6	80
0	0.99590653	-1.6603131e-08	0	5.956409e-19	-1.4962502e-20	0	0.55	80
0	0.7053128	0.70530313	0	6.1379505e-19	-1.498578e-20	0.7853982	0.55	80
0	0.9965195	-1.5763108e-08	0	5.873114e-19	-1.412666e-20	0	0.5	80
0	0.70218873	0.7021797	0	5.9170266e-19	-1.4077313e-20	0.7853982	0.5	80
0	0.997271	-2.0529786e-08	0	5.7922237e-19	-1.314802e-20	0	0.45	80
0	0.6952732	0.6952558	0	5.586557e-19	-1.2963202e-20	0.7853982	0.45	80
0	0.9978376	-1.08633955e-08	0	5.6961503e-19	-1.2181602e-20	0	0.4	80
0	0.6863962	0.6863791	0	5.204269e-19	-1.185029e-20	0.7853982	0.4	80
0	0.998591	-1.734066e-08	0	5.587155e-19	-1.10404224e-20	0	0.35	80
0	0.67442083	0.67440915	0	4.7123947e-19	-1.0544845e-20	0.7853982	0.35	80
0	0.9992551	-1.6376644e-08	0	5.4642543e-19	-9.768718e-21	0	0.3	80
0	0.6586041	0.6585988	0	4.115338e-19	-9.1053966e-21	0.7853982	0.3	80
0	0.99953055	-1.2473637e-08	0	5.2398557e-19	-8.444035e-21	0	0.25	80
0	0.64583826	0.64583534	0	3.5074497e-19	-7.715992e-21	0.7853982	0.25	80
0	0.99978095	-9.038062e-09	0	4.9538446e-19	-7.038458e-21	0	0.2	80
0	0.6321149	0.6321133	0	2.8846169e-19	-6.2933686e-21	0.7853982	0.2	80
0	0.99993336	-2.9505498e-09	0	4.563836e-19	-5.4716358e-21	0	0.15	80
0	0.6164635	0.61646295	0	2.2039018e-19	-4.7705477e-21	0.7853982	0.15	80
0	0.9965101	-1.7269647e-08	0	6.370399e-19	-1.755452e-20	0	1	75
0	0.70392716	0.70392215	0	6.309095e-19	-1.7536727e-20	0.7853982	1	75
0	0.9961927	-9.295947e-09	0	6.2626976e-19	-1.7182335e-20	0	0.95	75
0	0.704299	0.7042933	0	6.258356e-19	-1.7179443e-20	0.7853982	0.95	75
0	0.9959392	-1.11776295e-08	0	6.1760024e-19	-1.6875194e-20	0	0.9	75
0	0.70468664	0.70468104	0	6.225577e-19	-1.688594e-20	0.7853982	0.9	75
0	0.9959096	-9.190494e-09	0	6.080586e-19	-1.644446e-20	0	0.85	75
0	0.7051428	0.7051378	0	6.1729915e-19	-1.6466079e-20	0.7853982	0.85	75
0	0.9957605	-1.6529816e-08	0	5.974267e-19	-1.5979966e-20	0	0.8	75
0	0.70581836	0.7058152	0	6.1323893e-19	-1.6018724e-20	0.7853982	0.8	75
0	0.9956866	-1.488583e-08	0	5.8647953e-19	-1.5484918e-20	0	0.75	75
0	0.70630634	0.7063038	0	6.0637834e-19	-1.5534366e-20	0.7853982	0.75	75
0	0.99568975	-1.3930208e-08	0	5.761971e-19	-1.4975174e-20	0	0.7	75
0	0.7067505	0.7067491	0	5.992579e-19	-1.5032407e-20	0.7853982	0.7	75
0	0.99599457	-1.5499428e-08	0	5.6955624e-19	-1.4437937e-20	0	0.65	75
0	0.7070283	0.7070277	0	5.922791e-19	-1.4494385e-20	0.7853982	0.65	75
0	0.996268	-1.2205171e-08	0	5.589856e-19	-1.378835e-20	0	0.6	75
0	0.7068424	0.7068404	0	5.797145e-19	-1.3834806e-20	0.7853982	0.6	75
0	0.9965698	-1.1284374e-08	0	5.5005226e-19	-1.3138776e-20	0	0.55	75
0	0.70574117	0.7057355	0	5.6535975e-19	-1.3158485e-20	0.7853982	0.55	75
0	0.9970483	-1.3978251e-08	0	5.395765e-19	-1.23634e-20	0	0.5	75
0	0.70332915	0.7033201	0	5.443352e-19	-1.2333674e-20	0.7853982	0.5	75
0	0.997782	-1.727274e-08	0	5.3342753e-19	-1.1510413e-20	0	0.45	75
0	0.6973655	0.6973485	0	5.1616644e-19	-1.1376937e-20	0.7853982	0.45	75
0	0.99827373	-1.9352827e-08	0	5.2290667e-19	-1.066955e-20	0	0.4	75
0	0.69031495	0.69030195	0	4.841103e-19	-1.043409e-20	0.7853982	0.4	75
0	0.9989343	-1.1023724e-08	0	5.142576e-19	-9.685669e-21	0	0.35	75
0	0.6781311	0.6781212	0	4.4020453e-19	-9.298611e-21	0.7853982	0.35	75
0	0.9992906	-1.5822154e-08	0	4.9994403e-19	-8.6498616e-21	0	0.3	75
0	0.66542536	0.66541946	0	3.9128096e-19	-8.145724e-21	0.7853982	0.3	75
0	0.99963224	-9.038836e-09	0	4.7882983e-19	-7.437263e-21	0	0.25	75
0	0.6512606	0.65125734	0	3.326277e-19	-6.852382e-21	0.7853982	0.25	75
0	0.9998786	-7.351491e-09	0	4.5412557e-19	-6.1272564e-21	0	0.2	75
0	0.63307345	0.6330727	0	2.6803803e-19	-5.486402e-21	0.7853982	0.2	75
0	0.99993265	-3.3005316e-09	0	4.127609e-19	-4.7356817e-21	0	0.15	75
0	0.6188543	0.61885357	0	2.0786551e-19	-4.1449075e-21	0.7853982	0.15	75
0	0.99696636	-3.727418e-08	0	5.8719153e-19	-1.536126e-20	0	1	70
0	0.70450485	0.7045001	0	5.835528e-19	-1.5351256e-20	0.7853982	1	70
0	0.9967142	-9.232498e-09	0	5.789372e-19	-1.5086265e-20	0	0.95	70
0	0.7048351	0.7048336	0	5.80066e-19	-1.5087356e-20	0.7853982	0.95	70
0	0.99665403	-9.638129e-09	0	5.7013915e-19	-1.4718587e-20	0	0.9	70
0	0.70528954	0.70528555	0	5.756619e-19	-1.4730003e-20	0.7853982	0.9	70
0	0.9962566	-1.1655486e-08	0	5.5898865e-19	-1.4362036e-20	0	0.85	70
0	0.70575887	0.70575505	0	5.709183e-19	-1.4388482e-20	0.7853982	0.85	70
0	0.9962438	-1.7040227e-08	0	5.499929e-19	-1.3963353e-20	0	0.8	70
0	0.7061748	0.7061721	0	5.652978e-19	-1.39975e-20	0.7853982	0.8	70
0	0.9962102	-1.508064e-08	0	5.410463e-19	-1.35644e-20	0	0.75	70
0	0.70657516	0.70657337	0	5.5947813e-19	-1.3605745e-20	0.7853982	0.75	70
0	0.99631643	-1.3303637e-08	0	5.3220066e-19	-1.3103552e-20	0	0.7	70
0	0.70691967	0.70691854	0	5.523223e-19	-1.3148508e-20	0.7853982	0.7	70
0	0.99651647	-1.0879166e-08	0	5.241646e-19	-1.2611914e-20	0	0.65	70
0	0.7070584	0.70705795	0	5.4419406e-19	-1.265513e-20	0.7853982	0.65	70
0	0.9967632	-8.6472935e-09	0	5.1582166e-19	-1.2088746e-20	0	0.6	70
0	0.7067688	0.7067674	0	5.336146e-19	-1.2122194e-20	0.7853982	0.6	70
0	0.99709374	-1.667702e-08	0	5.061469e-19	-1.1470565e-20	0	0.55	70
0	0.70572466	0.7057209	0	5.184705e-19	-1.1481483e-20	0.7853982	0.55	70
0	0.9976673	-1.2793286e-08	0	4.993691e-19	-1.079077e-20	0	0.5	70
0	0.70293975	0.70292896	0	4.9934536e-19	-1.07521775e-20	0.7853982	0.5	70
0	0.9981561	-1.6276111e-08	0	4.928228e-19	-1.0125294e-20	0	0.45	70
0	0.6978805	0.6978637	0	4.7573773e-19	-1.00115204e-20	0.7853982	0.45	70
0	0.9985607	-1.4627337e-08	0	4.8038157e-19	-9.346528e-21	0	0.4	70
0	0.69198745	0.6919751	0	4.457941e-19	-9.159783e-21	0.7853982	0.4	70
0	0.99912107	-1.3825747e-08	0	4.7276634e-19	-8.4725485e-21	0	0.35	70
0	0.6800979	0.6800881	0	4.0549503e-19	-8.156037e-21	0.7853982	0.35	70
0	0.9994141	-1.4283568e-08	0	4.5680475e-19	-7.547576e-21	0	0.3	70
0	0.6688615	0.6688548	0	3.6009126e-19	-7.143498e-21	0.7853982	0.3	70
0	0.9997723	-1.01958975e-08	0	4.389194e-19	-6.4305364e-21	0	0.25	70
0	0.65192425	0.651922	0	3.0407855e-19	-5.9300364e-21	0.7853982	0.25	70
0	0.99985373	-4.7005693e-09	0	4.1279947e-19	-5.423206e-21	0	0.2	70
0	0.6409628	0.64096117	0	2.5511005e-19	-4.9166234e-21	0.7853982	0.2	70
0	0.99996763	-3.285081e-09	0	3.8069972e-19	-4.207864e-21	0	0.15	70
0	0.62101984	0.6210196	0	1.9392844e-19	-3.6956947e-21	0.7853982	0.15	70
0	0.9976695	-1.378809e-08	0	5.352673e-19	-1.3169237e-20	0	1	65
0	0.70492256	0.70492005	0	5.3106784e-19	-1.3159203e-20	0.7853982	1	65
0	0.9974208	-1.2137088e-08	0	5.275056e-19	-1.2926575e-20	0	0.95	65
0	0.7052402	0.70523816	0	5.2763814e-19	-1.29257714e-20	0.7853982	0.95	65
0	0.99727863	-8.365441e-09	0	5.1922153e-19	-1.2637515e-20	0	0.9	65
0	0.70551276	0.70551044	0	5.225372e-19	-1.2643413e-20	0.7853982	0.9	65
0	0.9971046	-1.4402538e-08	0	5.122679e-19	-1.23960035e-20	0	0.85	65
0	0.7058616	0.7058589	0	5.19474e-19	-1.24100825e-20	0.7853982	0.85	65
0	0.99711245	-1.2045271e-08	0	5.0278555e-19	-1.1997256e-20	0	0.8	65
0	0.70625377	0.70625156	0	5.1293723e-19	-1.2017467e-20	0.7853982	0.8	65
0	0.9971292	-1.2765872e-08	0	4.952705e-19	-1.16624235e-20	0	0.75	65
0	0.7065969	0.7065953	0	5.077533e-19	-1.1687552e-20	0.7853982	0.75	65
0	0.9970881	-1.0960445e-08	0	4.8734907e-19	-1.1310968e-20	0	0.7	65
0	0.70692015	0.70691955	0	5.023139e-19	-1.13410024e-20	0.7853982	0.7	65
0	0.99727863	-1.3000054e-08	0	4.7765917e-19	-1.0818477e-20	0	0.65	65
0	0.7070639	0.7070637	0	4.9253803e-19	-1.084734e-20	0.7853982	0.65	65
0	0.99747556	-7.677312e-09	0	4.697658e-19	-1.0357788e-20	0	0.6	65
0	0.70685667	0.70685565	0	4.8308594e-19	-1.038032e-20	0.7853982	0.6	65
0	0.9978599	-1.1445623e-08	0	4.633394e-19	-9.86684e-21	0	0.55	65
0	0.7060386	0.7060358	0	4.7132074e-19	-9.873043e-21	0.7853982	0.55	65
0	0.99814487	-1.60681e-08	0	4.555494e-19	-9.342636e-21	0	0.5	65
0	0.7041239	0.70411825	0	4.5614523e-19	-9.3204765e-21	0.7853982	0.5	65
0	0.9985569	-1.2823201e-08	0	4.467458e-19	-8.707418e-21	0	0.45	65
0	0.70025927	0.7002511	0	4.344038e-19	-8.6355055e-21	0.7853982	0.45	65
0	0.9988904	-1.3316981e-08	0	4.3407497e-19	-7.991124e-21	0	0.4	65
0	0.6948469	0.69483745	0	4.0653247e-19	-7.861242e-21	0.7853982	0.4	65
0	0.9992685	-1.3899734e-08	0	4.255611e-19	-7.274675e-21	0	0.35	65
0	0.6852167	0.6852074	0	3.7353437e-19	-7.054585e-21	0.7853982	0.35	65
0	0.99960166	-1.0105312e-08	0	4.111612e-19	-6.4454325e-21	0	0.3	65
0	0.67360365	0.6735994	0	3.3246348e-19	-6.1424708e-21	0.7853982	0.3	65
0	0.99974006	-9.671838e-09	0	3.9228172e-19	-5.566553e-21	0	0.25	65
0	0.6610223	0.66101897	0	2.8647408e-19	-5.205101e-21	0.7853982	0.25	65
0	0.99992543	-3.2140397e-09	0	3.7122336e-19	-4.5756594e-21	0	0.2	65
0	0.6421205	0.6421196	0	2.3191474e-19	-4.1554424e-21	0.7853982	0.2	65
0	0.99995786	-2.8498677e-09	0	3.3712038e-19	-3.631847e-21	0	0.15	65
0	0.63121516	0.6312142	0	1.8609962e-19	-3.2421863e-21	0.7853982	0.15	65
0	0.9981379	-1.4724645e-08	0	4.8714476e-19	-1.1290935e-20	0	1	60
0	0.7053922	0.70539075	0	4.8420475e-19	-1.1284558e-20	0.7853982	1	60
0	0.997916	-1.4132451e-08	0	4.7962403e-19	-1.1064891e-20	0	0.95	60
0	0.70566833	0.7056655	0	4.8031183e-19	-1.1065423e-20	0.7853982	0.95	60
0	0.99777627	-1.5887107e-08	0	4.740267e-19	-1.0887735e-20	0	0.9	60
0	0.70588493	0.7058825	0	4.772904e-19	-1.0893126e-20	0.7853982	0.9	60
0	0.99767643	-1.0542852e-08	0	4.6641427e-19	-1.0615279e-20	0	0.85	60
0	0.7062114	0.7062102	0	4.728632e-19	-1.0626517e-20	0.7853982	0.85	60
0	0.9976534	-1.1577477e-08	0	4.5889804e-19	-1.0327708e-20	0	0.8	60
0	0.7064767	0.7064747	0	4.6737726e-19	-1.034276e-20	0.7853982	0.8	60
0	0.9975648	-1.1755723e-08	0	4.5087775e-19	-1.0023531e-20	0	0.75	60
0	0.7067891	0.7067883	0	4.6208625e-19	-1.0043481e-20	0.7853982	0.75	60
0	0.9975943	-7.513487e-09	0	4.431133e-19	-9.6886365e-21	0	0.7	60
0	0.70701635	0.707016	0	4.5578386e-19	-9.710755e-21	0.7853982	0.7	60
0	0.9977503	-9.5284545e-09	0	4.352554e-19	-9.2910526e-21	0	0.65	60
0	0.7070674	0.7070672	0	4.4760883e-19	-9.311481e-21	0.7853982	0.65	60
0	0.9979698	-1.3528509e-08	0	4.268404e-19	-8.861973e-21	0	0.6	60
0	0.70681447	0.7068143	0	4.3719494e-19	-8.876329e-21	0.7853982	0.6	60
0	0.9983406	-1.22419905e-08	0	4.2325496e-19	-8.497876e-21	0	0.55	60
0	0.70599836	0.7059962	0	4.2844683e-19	-8.498645e-21	0.7853982	0.55	60
0	0.99853235	-1.4892763e-08	0	4.133616e-19	-7.972283e-21	0	0.5	60
0	0.703934	0.7039283	0	4.1159264e-19	-7.948144e-21	0.7853982	0.5	60
0	0.9988219	-1.4836654e-08	0	4.0130905e-19	-7.383291e-21	0	0.45	60
0	0.701064	0.7010589	0	3.903051e-19	-7.3288025e-21	0.7853982	0.45	60
0	0.9991026	-8.625046e-09	0	3.9418827e-19	-6.85784e-21	0	0.4	60
0	0.69554204	0.69553196	0	3.680966e-19	-6.7516893e-21	0.7853982	0.4	60
0	0.9993835	-8.662547e-09	0	3.8409452e-19	-6.2681323e-21	0	0.35	60
0	0.6885154	0.6885087	0	3.4106466e-19	-6.1070656e-21	0.7853982	0.35	60
0	0.9996442	-1.0428678e-08	0	3.736224e-19	-5.5820127e-21	0	0.3	60
0	0.676684	0.67667896	0	3.0499436e-19	-5.343733e-21	0.7853982	0.3	60
0	0.9998416	-6.9708084e-09	0	3.5375516e-19	-4.7512475e-21	0	0.25	60
0	0.6638986	0.66389585	0	2.613055e-19	-4.4616163e-21	0.7853982	0.25	60
0	0.9999069	-5.1879927e-09	0	3.304468e-19	-3.9676308e-21	0	0.2	60
0	0.65217465	0.6521729	0	2.1782716e-19	-3.6597382e-21	0.7853982	0.2	60
0	0.9999857	-2.0725643e-09	0	3.0086252e-19	-3.0079575e-21	0	0.15	60
0	0.62715816	0.6271579	0	1.6183804e-19	-2.6679016e-21	0.7853982	0.15	60
0	0.99864286	-1.0948197e-08	0	4.3416766e-19	-9.379254e-21	0	1	55
0	0.7057498	0.70574814	0	4.3132356e-19	-9.373965e-21	0.7853982	1	55
0	0.99848574	-1.1404278e-08	0	4.2955055e-19	-9.249972e-21	0	0.95	55
0	0.7059529	0.7059521	0	4.2921097e-19	-9.2488785e-21	0.7853982	0.95	55
0	0.9983189	-1.1856199e-08	0	4.2164873e-19	-9.00883e-21	0	0.9	55
0	0.70622504	0.70622414	0	4.2434906e-19	-9.0127394e-21	0.7853982	0.9	55
0	0.99839944	-1.1764252e-08	0	4.1796981e-19	-8.849814e-21	0	0.85	55
0	0.7063759	0.7063747	0	4.213491e-19	-8.85483e-21	0.7853982	0.85	55
0	0.9982937	-1.1898894e-08	0	4.1137514e-19	-8.641231e-21	0	0.8	55
0	0.70656943	0.70656836	0	4.1673757e-19	-8.649414e-21	0.7853982	0.8	55
0	0.99830306	-1.138834e-08	0	4.0556148e-19	-8.40172e-21	0	0.75	55
0	0.70683223	0.7068317	0	4.125909e-19	-8.412728e-21	0.7853982	0.75	55
0	0.9982957	-9.154017e-09	0	3.9679885e-19	-8.0822024e-21	0	0.7	55
0	0.70700884	0.70700854	0	4.050631e-19	-8.094876e-21	0.7853982	0.7	55
0	0.9982826	-1.4881081e-08	0	3.8900978e-19	-7.778618e-21	0	0.65	55
0	0.707084	0.7070839	0	3.9810792e-19	-7.791747e-21	0.7853982	0.65	55
0	0.9984764	-1.498245e-08	0	3.8090318e-19	-7.41269e-21	0	0.6	55
0	0.7069593	0.706959	0	3.8862266e-19	-7.42245e-21	0.7853982	0.6	55
0	0.9987126	-1.22123085e-08	0	3.7612606e-19	-7.078876e-21	0	0.55	55
0	0.70629853	0.7062969	0	3.8023192e-19	-7.07989e-21	0.7853982	0.55	55
0	0.9989081	-1.0223382e-08	0	3.6819533e-19	-6.6806976e-21	0	0.5	55
0	0.7050151	0.7050132	0	3.6748794e-19	-6.6682075e-21	0.7853982	0.5	55
0	0.99914753	-1.0145402e-08	0	3.6038282e-19	-6.2506674e-21	0	0.45	55
0	0.70272744	0.70272315	0	3.522553e-19	-6.2172357e-21	0.7853982	0.45	55
0	0.9993498	-1.0154798e-08	0	3.4984704e-19	-5.7242764e-21	0	0.4	55
0	0.69814426	0.6981371	0	3.2994477e-19	-5.65537e-21	0.7853982	0.4	55
0	0.9995505	-8.418216e-09	0	3.4123545e-19	-5.2296483e-21	0	0.35	55
0	0.69160026	0.6915938	0	3.0661458e-19	-5.117242e-21	0.7853982	0.35	55
0	0.99971306	-7.2537256e-09	0	3.2581404e-19	-4.6066783e-21	0	0.3	55
0	0.6831698	0.6831649	0	2.747569e-19	-4.4519943e-21	0.7853982	0.3	55
0	0.9998377	-4.5309214e-09	0	3.131431e-19	-4.0153488e-21	0	0.25	55
0	0.67090726	0.67090416	0	2.413837e-19	-3.810396e-21	0.7853982	0.25	55
0	0.99996036	-3.3158296e-09	0	2.8914292e-19	-3.2478712e-21	0	0.2	55
0	0.65457785	0.6545772	0	1.9547263e-19	-3.0067137e-21	0.7853982	0.2	55
0	0.99998343	-1.2834079e-09	0	2.6596413e-19	-2.6239567e-21	0	0.15	55
0	0.64100266	0.6410021	0	1.5877013e-19	-2.3786934e-21	0.7853982	0.15	55
0	0.99896055	-1.1427554e-08	0	3.8973594e-19	-7.895785e-21	0	1	50
0	0.70611537	0.70611405	0	3.8802818e-19	-7.89291e-21	0.7853982	1	50
0	0.99882317	-1.35138185e-08	0	3.8333431e-19	-7.718906e-21	0	0.95	50
0	0.7062862	0.7062853	0	3.8366865e-19	-7.719026e-21	0.7853982	0.95	50
0	0.998723	-1.8218133e-08	0	3.7687308e-19	-7.526377e-21	0	0.9	50
0	0.70648336	0.7064826	0	3.7919332e-19	-7.529352e-21	0.7853982	0.9	50
0	0.99861306	-9.038709e-09	0	3.698005e-19	-7.317837e-21	0	0.85	50
0	0.70667404	0.70667315	0	3.740862e-19	-7.3235114e-21	0.7853982	0.85	50
0	0.9986429	-1.3533281e-08	0	3.6572144e-19	-7.158272e-21	0	0.8	50
0	0.7068446	0.706844	0	3.710375e-19	-7.16534e-21	0.7853982	0.8	50
0	0.9986229	-1.2707119e-08	0	3.6047347e-19	-6.9823705e-21	0	0.75	50
0	0.7069582	0.70695776	0	3.666346e-19	-6.990528e-21	0.7853982	0.75	50
0	0.99867743	-1.1471898e-08	0	3.532733e-19	-6.7111126e-21	0	0.7	50
0	0.7070774	0.7070773	0	3.5992048e-19	-6.7197192e-21	0.7853982	0.7	50
0	0.9986871	-1.784036e-08	0	3.4629857e-19	-6.4555138e-21	0	0.65	50
0	0.70707345	0.7070734	0	3.5318474e-19	-6.463695e-21	0.7853982	0.65	50
0	0.9988098	-1.3356938e-08	0	3.4121578e-19	-6.2165927e-21	0	0.6	50
0	0.7068893	0.70688885	0	3.4685472e-19	-6.2220837e-21	0.7853982	0.6	50
0	0.998927	-7.905545e-09	0	3.3433288e-19	-5.9136483e-21	0	0.55	50
0	0.70631105	0.70630985	0	3.3756693e-19	-5.913332e-21	0.7853982	0.55	50
0	0.99910736	-1.3225867e-08	0	3.2302408e-19	-5.483101e-21	0	0.5	50
0	0.7052486	0.70524603	0	3.2221608e-19	-5.473568e-21	0.7853982	0.5	50
0	0.9993627	-1.189244e-08	0	3.188092e-19	-5.148717e-21	0	0.45	50
0	0.70274734	0.70274425	0	3.101625e-19	-5.1202254e-21	0.7853982	0.45	50
0	0.9995398	-9.219545e-09	0	3.0976223e-19	-4.7498132e-21	0	0.4	50
0	0.6992968	0.6992927	0	2.9246116e-19	-4.6995e-21	0.7853982	0.4	50
0	0.9996865	-9.926347e-09	0	3.0091282e-19	-4.3186458e-21	0	0.35	50
0	0.69315255	0.6931469	0	2.7051593e-19	-4.2347305e-21	0.7853982	0.35	50
0	0.9998142	-3.9610435e-09	0	2.883215e-19	-3.8232898e-21	0	0.3	50
0	0.6856161	0.685612	0	2.447654e-19	-3.707768e-21	0.7853982	0.3	50
0	0.999895	-4.1965484e-09	0	2.7396473e-19	-3.3276507e-21	0	0.25	50
0	0.6760501	0.67604774	0	2.1542033e-19	-3.1818262e-21	0.7853982	0.25	50
0	0.99994785	-2.7826588e-09	0	2.5715236e-19	-2.7998537e-21	0	0.2	50
0	0.66374403	0.6637424	0	1.8268058e-19	-2.6282888e-21	0.7853982	0.2	50
0	0.9999771	-2.4845255e-09	0	2.301776e-19	-2.17595e-21	0	0.15	50
0	0.65034777	0.65034676	0	1.4449098e-19	-2.001332e-21	0.7853982	0.15	50
0	0.9993353	-8.61237e-09	0	3.3772445e-19	-6.29981e-21	0	1	45
0	0.7063707	0.70637023	0	3.3596801e-19	-6.297435e-21	0.7853982	1	45
0	0.99934834	-9.858302e-09	0	3.3413992e-19	-6.1879645e-21	0	0.95	45
0	0.7064665	0.7064659	0	3.3306153e-19	-6.18639e-21	0.7853982	0.95	45
0	0.9992224	-1.402606e-08	0	3.298656e-19	-6.09126e-21	0	0.9	45
0	0.70654434	0.7065436	0	3.2995614e-19	-6.091148e-21	0.7853982	0.9	45
0	0.99911857	-1.1368128e-08	0	3.2512075e-19	-5.96274e-21	0	0.85	45
0	0.7067078	0.7067074	0	3.268887e-19	-5.96463e-21	0.7853982	0.85	45
0	0.99904287	-1.1638931e-08	0	3.1652475e-19	-5.7225183e-21	0	0.8	45
0	0.70687306	0.7068728	0	3.1981648e-19	-5.7261057e-21	0.7853982	0.8	45
0	0.99915844	-1.17843e-08	0	3.1354048e-19	-5.5793005e-21	0	0.75	45
0	0.7069992	0.70699906	0	3.1699802e-19	-5.58315e-21	0.7853982	0.75	45
0	0.9990662	-1.0089328e-08	0	3.0765833e-19	-5.418935e-21	0	0.7	45
0	0.70707244	0.7070723	0	3.1212937e-19	-5.4237356e-21	0.7853982	0.7	45
0	0.9991129	-8.7699545e-09	0	3.0035616e-19	-5.179402e-21	0	0.65	45
0	0.7070943	0.7070942	0	3.0483834e-19	-5.1839086e-21	0.7853982	0.65	45
0	0.9992165	-4.7581032e-09	0	2.9648694e-19	-4.988089e-21	0	0.6	45
0	0.7069502	0.70695007	0	2.99959e-19	-4.9908944e-21	0.7853982	0.6	45
0	0.9992527	-5.8160308e-09	0	2.885176e-19	-4.7164724e-21	0	0.55	45
0	0.7065393	0.70653886	0	2.9064027e-19	-4.716211e-21	0.7853982	0.55	45
0	0.99941987	-6.059833e-09	0	2.832746e-19	-4.4774006e-21	0	0.5	45
0	0.705896	0.705895	0	2.8258054e-19	-4.4723253e-21	0.7853982	0.5	45
0	0.9995449	-6.9174972e-09	0	2.7486095e-19	-4.142114e-21	0	0.45	45
0	0.704151	0.7041489	0	2.6909935e-19	-4.1266716e-21	0.7853982	0.45	45
0	0.999704	-5.3982756e-09	0	2.6928107e-19	-3.8388636e-21	0	0.4	45
0	0.70113885	0.70113575	0	2.562352e-19	-3.8075826e-21	0.7853982	0.4	45
0	0.9998108	-4.1649613e-09	0	2.5726232e-19	-3.4393495e-21	0	0.35	45
0	0.6968789	0.6968762	0	2.3588562e-19	-3.3902357e-21	0.7853982	0.35	45
0	0.99990016	-3.375438e-09	0	2.4886308e-19	-3.0716934e-21	0	0.3	45
0	0.6890993	0.68909717	0	2.1515246e-19	-2.9937625e-21	0.7853982	0.3	45
0	0.99995226	-2.7445795e-09	0	2.3577256e-19	-2.639874e-21	0	0.25	45
0	0.67846173	0.6784601	0	1.8833305e-19	-2.5330498e-21	0.7853982	0.25	45
0	0.9999814	-2.237571e-09	0	2.1700548e-19	-2.1759596e-21	0	0.2	45
0	0.6664689	0.66646945	0	1.5803074e-19	-2.0509444e-21	0.7853982	0.2	45
0	0.9999941	-1.1630445e-09	0	1.9266527e-19	-1.6799903e-21	0	0.15	45
0	0.651263	0.65126276	0	1.2344558e-19	-1.5473216e-21	0.7853982	0.15	45
0	0.99956495	-1.1597324e-08	0	2.932436e-19	-5.0538013e-21	0	1	40
0	0.7066259	0.70662564	0	2.9215588e-19	-5.0525605e-21	0.7853982	1	40
0	0.9994661	-1.03050235e-08	0	2.8776833e-19	-4.925369e-21	0	0.95	40
0	0.70673317	0.70673287	0	2.8791546e-19	-4.9253945e-21	0.7853982	0.95	40
0	0.99937534	-1.156418e-08	0	2.8327837e-19	-4.812992e-21	0	0.9	40
0	0.70685935	0.706859	0	2.847332e-19	-4.8143135e-21	0.7853982	0.9	40
0	0.99937236	-1.0603594e-08	0	2.8077563e-19	-4.7490176e-21	0	0.85	40
0	0.70687896	0.7068788	0	2.8237806e-19	-4.7504676e-21	0.7853982	0.85	40
0	0.99934316	-9.930874e-09	0	2.759108e-19	-4.604974e-21	0	0.8	40
0	0.70700955	0.70700943	0	2.7850794e-19	-4.607366e-21	0.7853982	0.8	40
0	0.9992753	-8.827318e-09	0	2.683986e-19	-4.4128e-21	0	0.75	40
0	0.7070812	0.7070811	0	2.718354e-19	-4.4158387e-21	0.7853982	0.75	40
0	0.9993976	-1.1844935e-08	0	2.6597584e-19	-4.301408e-21	0	0.7	40
0	0.7071007	0.7071007	0	2.6889077e-19	-4.303963e-21	0.7853982	0.7	40
0	0.9993166	-8.398534e-09	0	2.5961637e-19	-4.1411683e-21	0	0.65	40
0	0.7070759	0.70707595	0	2.630556e-19	-4.143819e-21	0.7853982	0.65	40
0	0.99945843	-9.542331e-09	0	2.5730862e-19	-3.9978334e-21	0	0.6	40
0	0.70688415	0.7068841	0	2.5932022e-19	-3.9987405e-21	0.7853982	0.6	40
0	0.99952203	-7.662516e-09	0	2.482552e-19	-3.742211e-21	0	0.55	40
0	0.70661324	0.7066131	0	2.4915251e-19	-3.7413864e-21	0.7853982	0.55	40
0	0.99955416	-6.9462884e-09	0	2.4336866e-19	-3.5664094e-21	0	0.5	40
0	0.7059737	0.70597297	0	2.423512e-19	-3.562281e-21	0.7853982	0.5	40
0	0.9996811	-5.9157066e-09	0	2.357385e-19	-3.2949494e-21	0	0.45	40
0	0.70463496	0.7046333	0	2.307563e-19	-3.2844743e-21	0.7853982	0.45	40
0	0.9998116	-2.5943123e-09	0	2.3269632e-19	-3.0874181e-21	0	0.4	40
0	0.7020557	0.7020542	0	2.2178822e-19	-3.0659385e-21	0.7853982	0.4	40
0	0.99986106	-3.292307e-09	0	2.2166977e-19	-2.7356198e-21	0	0.35	40
0	0.6974676	0.697465	0	2.0255594e-19	-2.6986982e-21	0.7853982	0.35	40
0	0.99988407	-4.4015716e-09	0	2.0812362e-19	-2.431718e-21	0	0.3	40
0	0.6948506	0.6948478	0	1.8519183e-19	-2.389842e-21	0.7853982	0.3	40
0	0.999936	-3.2071108e-09	0	1.9749466e-19	-2.1278638e-21	0	0.25	40
0	0.68814474	0.6881424	0	1.655199e-19	-2.070931e-21	0.7853982	0.25	40
0	0.9999755	-1.7702277e-09	0	1.8725302e-19	-1.823955e-21	0	0.2	40
0	0.6774073	0.6774061	0	1.4459594e-19	-1.7473877e-21	0.7853982	0.2	40
0	0.99999315	-1.2487885e-09	0	1.6364767e-19	-1.3919905e-21	0	0.15	40
0	0.6662461	0.66624427	0	1.140315e-19	-1.3115606e-21	0.7853982	0.15	40
0	0.9997706	-8.135377e-09	0	2.435573e-19	-3.807127e-21	0	1	35
0	0.7067783	0.706778	0	2.4252142e-19	-3.8062304e-21	0.7853982	1	35
0	0.9997606	-4.8776045e-09	0	2.4223976e-19	-3.7750964e-21	0	0.95	35
0	0.7068088	0.7068087	0	2.4146304e-19	-3.7744086e-21	0.7853982	0.95	35
0	0.9996992	-7.726301e-09	0	2.3639338e-19	-3.6469024e-21	0	0.9	35
0	0.7068874	0.70688725	0	2.3643055e-19	-3.6468677e-21	0.7853982	0.9	35
0	0.999636	-8.352404e-09	0	2.316504e-19	-3.534713e-21	0	0.85	35
0	0.7069898	0.7069898	0	2.3264103e-19	-3.535415e-21	0.7853982	0.85	35
0	0.99963474	-1.0429537e-08	0	2.3027832e-19	-3.50272e-21	0	0.8	35
0	0.7070001	0.707	0	2.3134166e-19	-3.5034714e-21	0.7853982	0.8	35
0	0.9996285	-6.7341785e-09	0	2.2335166e-19	-3.3267637e-21	0	0.75	35
0	0.7070805	0.7070804	0	2.249393e-19	-3.3278766e-21	0.7853982	0.75	35
0	0.9996395	-7.3217326e-09	0	2.2246252e-19	-3.2948118e-21	0	0.7	35
0	0.707093	0.707093	0	2.2406754e-19	-3.2959363e-21	0.7853982	0.7	35
0	0.9996125	-6.490748e-09	0	2.1600126e-19	-3.1347857e-21	0	0.65	35
0	0.7070944	0.7070945	0	2.1787038e-19	-3.1359447e-21	0.7853982	0.65	35
0	0.9996786	-6.39973e-09	0	2.1134413e-19	-2.9910384e-21	0	0.6	35
0	0.7070169	0.7070169	0	2.1262471e-19	-2.9916197e-21	0.7853982	0.6	35
0	0.99972457	-7.977095e-09	0	2.0517856e-19	-2.8152246e-21	0	0.55	35
0	0.70677686	0.70677686	0	2.0550204e-19	-2.8146862e-21	0.7853982	0.55	35
0	0.9997484	-4.307367e-09	0	2.0250242e-19	-2.7193159e-21	0	0.5	35
0	0.70645845	0.7064582	0	2.0184988e-19	-2.7175056e-21	0.7853982	0.5	35
0	0.99981457	-2.6812133e-09	0	1.975052e-19	-2.5435285e-21	0	0.45	35
0	0.70560074	0.70560026	0	1.9441842e-19	-2.5385805e-21	0.7853982	0.45	35
0	0.9998893	-2.5627767e-09	0	1.8763854e-19	-2.2717486e-21	0	0.4	35
0	0.70386064	0.7038596	0	1.807271e-19	-2.2615683e-21	0.7853982	0.4	35
0	0.99988014	-2.92273e-09	0	1.809055e-19	-2.111747e-21	0	0.35	35
0	0.70246166	0.7024603	0	1.7158886e-19	-2.0981238e-21	0.7853982	0.35	35
0	0.99993527	-2.8178477e-09	0	1.7242803e-19	-1.8718788e-21	0	0.3	35
0	0.69866186	0.6986604	0	1.5732369e-19	-1.8496413e-21	0.7853982	0.3	35
0	0.999975	-1.7984979e-09	0	1.590061e-19	-1.5679609e-21	0	0.25	35
0	0.6926145	0.6926139	0	1.3728091e-19	-1.5358629e-21	0.7853982	0.25	35
0	0.9999929	-1.7009572e-09	0	1.4807599e-19	-1.295991e-21	0	0.2	35
0	0.68026495	0.6802649	0	1.1682523e-19	-1.2468037e-21	0.7853982	0.2	35
0	0.99999017	-9.664319e-10	0	1.275137e-19	-1.0079902e-21	0	0.15	35
0	0.67532784	0.67532724	0	9.4985014e-20	-9.626978e-22	0.7853982	0.15	35
0	0.99986625	-8.387106e-09	0	2.0162477e-19	-2.8636169e-21	0	1	30
0	0.70694005	0.70694	0	2.0121321e-19	-2.8633245e-21	0.7853982	1	30
0	0.99981093	-7.545586e-09	0	1.9750926e-19	-2.783474e-21	0	0.95	30
0	0.7069946	0.70699453	0	1.9769606e-19	-2.783558e-21	0.7853982	0.95	30
0	0.99982667	-6.979441e-09	0	1.9467146e-19	-2.7195291e-21	0	0.9	30
0	0.70701057	0.70701045	0	1.9487755e-19	-2.7196297e-21	0.7853982	0.9	30
0	0.9997811	-7.947099e-09	0	1.9156771e-19	-2.6554188e-21	0	0.85	30
0	0.7070577	0.70705754	0	1.9227638e-19	-2.6558156e-21	0.7853982	0.85	30
0	0.99980175	-1.03773905e-08	0	1.8963318e-19	-2.6074831e-21	0	0.8	30
0	0.70707244	0.70707244	0	1.903318e-19	-2.6078733e-21	0.7853982	0.8	30
0	0.9997367	-8.300338e-09	0	1.8487836e-19	-2.5113391e-21	0	0.75	30
0	0.7071035	0.7071035	0	1.8609929e-19	-2.5119882e-21	0.7853982	0.75	30
0	0.9997722	-7.3471003e-09	0	1.8299558e-19	-2.4474422e-21	0	0.7	30
0	0.70709825	0.70709825	0	1.8405583e-19	-2.4479703e-21	0.7853982	0.7	30
0	0.9997637	-7.57023e-09	0	1.757026e-19	-2.3034559e-21	0	0.65	30
0	0.7070797	0.70707977	0	1.7676617e-19	-2.3039119e-21	0.7853982	0.65	30
0	0.99981046	-5.9338072e-09	0	1.7290228e-19	-2.2075815e-21	0	0.6	30
0	0.70694596	0.70694596	0	1.7331813e-19	-2.2074979e-21	0.7853982	0.6	30
0	0.9998349	-6.0378413e-09	0	1.7028301e-19	-2.1276487e-21	0	0.55	30
0	0.70675546	0.70675546	0	1.7003787e-19	-2.1269425e-21	0.7853982	0.55	30
0	0.9998625	-5.1014517e-09	0	1.6370746e-19	-1.9677292e-21	0	0.5	30
0	0.70626956	0.70626944	0	1.6210872e-19	-1.96567e-21	0.7853982	0.5	30
0	0.9998787	-4.41293e-09	0	1.6081528e-19	-1.887771e-21	0	0.45	30
0	0.70580214	0.7058019	0	1.5808412e-19	-1.8845162e-21	0.7853982	0.45	30
0	0.99992216	-2.9815257e-09	0	1.5556079e-19	-1.7278654e-21	0	0.4	30
0	0.7043263	0.70432556	0	1.498963e-19	-1.7212041e-21	0.7853982	0.4	30
0	0.9999316	-4.4789896e-09	0	1.4524599e-19	-1.551894e-21	0	0.35	30
0	0.70373785	0.70373726	0	1.3855879e-19	-1.5446052e-21	0.7853982	0.35	30
0	0.99997276	-2.3678044e-09	0	1.3732316e-19	-1.3439636e-21	0	0.3	30
0	0.69975036	0.69974947	0	1.2533408e-19	-1.3300168e-21	0.7853982	0.3	30
0	0.99997544	-2.5379328e-09	0	1.2997117e-19	-1.1839709e-21	0	0.25	30
0	0.6956588	0.69565797	0	1.1422647e-19	-1.1648303e-21	0.7853982	0.25	30
0	0.9999908	-2.308904e-09	0	1.1934682e-19	-1.0079908e-21	0	0.2	30
0	0.69140685	0.69140613	0	1.0031183e-19	-9.856189e-22	0.7853982	0.2	30
0	0.9999985	-5.5661076e-10	0	1.04649766e-19	-7.6799883e-22	0	0.15	30
0	0.6778786	0.67787844	0	7.936217e-20	-7.3625476e-22	0.7853982	0.15	30
0	0.99996305	-9.727895e-09	0	1.545793e-19	-1.9359284e-21	0	1	25
0	0.70700437	0.70700425	0	1.5412872e-19	-1.9357196e-21	0.7853982	1	25
0	0.999959	-9.690842e-09	0	1.5290894e-19	-1.9039218e-21	0	0.95	25
0	0.70702356	0.7070235	0	1.5259766e-19	-1.9037758e-21	0.7853982	0.95	25
0	0.99993026	-9.68698e-09	0	1.482539e-19	-1.8238729e-21	0	0.9	25
0	0.7070569	0.7070568	0	1.4827293e-19	-1.823871e-21	0.7853982	0.9	25
0	0.99993014	-8.663751e-09	0	1.482539e-19	-1.8238725e-21	0	0.85	25
0	0.7070568	0.7070568	0	1.4827293e-19	-1.8238713e-21	0.7853982	0.85	25
0	0.99990135	-6.94827e-09	0	1.4317225e-19	-1.7278296e-21	0	0.8	25
0	0.70709836	0.7070984	0	1.4356248e-19	-1.7279793e-21	0.7853982	0.8	25
0	0.9999183	-5.381217e-09	0	1.4276576e-19	-1.7118604e-21	0	0.75	25
0	0.7071027	0.7071027	0	1.4309224e-19	-1.71199e-21	0.7853982	0.75	25
0	0.9999201	-6.320335e-09	0	1.3931919e-19	-1.6478686e-21	0	0.7	25
0	0.70710534	0.70710534	0	1.3966934e-19	-1.6479967e-21	0.7853982	0.7	25
0	0.9999054	-4.1837507e-09	0	1.342987e-19	-1.5518534e-21	0	0.65	25
0	0.7070802	0.7070802	0	1.3465394e-19	-1.5519416e-21	0.7853982	0.65	25
0	0.9999225	-5.66472e-09	0	1.3255878e-19	-1.5038836e-21	0	0.6	25
0	0.7070207	0.7070207	0	1.3264287e-19	-1.5038169e-21	0.7853982	0.6	25
0	0.9999201	-4.2918447e-09	0	1.2959631e-19	-1.439885e-21	0	0.55	25
0	0.7069128	0.7069129	0	1.2941261e-19	-1.4396052e-21	0.7853982	0.55	25
0	0.99993515	-4.8256923e-09	0	1.2403488e-19	-1.3439129e-21	0	0.5	25
0	0.7068268	0.70682675	0	1.2354807e-19	-1.3434678e-21	0.7853982	0.5	25
0	0.99994594	-3.233104e-09	0	1.2072169e-19	-1.2639318e-21	0	0.45	25
0	0.7064818	0.70648175	0	1.1941027e-19	-1.2628827e-21	0.7853982	0.45	25
0	0.9999678	-3.8640318e-09	0	1.170416e-19	-1.1679625e-21	0	0.4	25
0	0.7057259	0.70572585	0	1.1426625e-19	-1.1657189e-21	0.7853982	0.4	25
0	0.9999702	-2.333598e-09	0	1.1063035e-19	-1.0559686e-21	0	0.35	25
0	0.70491546	0.7049152	0	1.0657928e-19	-1.0527272e-21	0.7853982	0.35	25
0	0.99998605	-3.0870848e-09	0	1.0130259e-19	-8.959875e-22	0	0.3	25
0	0.7031416	0.70314133	0	9.5244115e-20	-8.909754e-22	0.7853982	0.3	25
0	0.99998975	-2.0658013e-09	0	9.6506955e-20	-8.159917e-22	0	0.25	25
0	0.7016654	0.70166504	0	8.9016706e-20	-8.097204e-22	0.7853982	0.25	25
0	0.9999983	-6.91216e-10	0	8.616933e-20	-6.399989e-22	0	0.2	25
0	0.69361466	0.6936146	0	7.395235e-20	-6.2778833e-22	0.7853982	0.2	25
0	0.99999833	-6.128924e-10	0	7.6412896e-20	-5.439991e-22	0	0.15	25
0	0.6949292	0.69492906	0	6.533848e-20	-5.346313e-22	0.7853982	0.15	25
0	0.9999854	-8.243384e-09	0	1.1504871e-19	-1.2639816e-21	0	1	20
0	0.7070784	0.7070784	0	1.1495432e-19	-1.2639493e-21	0.7853982	1	20
0	0.9999677	-6.3635337e-09	0	1.1287182e-19	-1.2319601e-21	0	0.95	20
0	0.707093	0.707093	0	1.1293425e-19	-1.2319761e-21	0.7853982	0.95	20
0	0.9999677	-6.2970105e-09	0	1.1287182e-19	-1.2319601e-21	0	0.9	20
0	0.707093	0.707093	0	1.1293425e-19	-1.231976e-21	0.7853982	0.9	20
0	0.9999726	-6.3265433e-09	0	1.1025503e-19	-1.1839677e-21	0	0.85	20
0	0.70710474	0.70710474	0	1.1036487e-19	-1.1839968e-21	0.7853982	0.85	20
0	0.9999551	-4.501947e-09	0	1.0581432e-19	-1.1199497e-21	0	0.8	20
0	0.70710677	0.70710677	0	1.0600936e-19	-1.12e-21	0.7853982	0.8	20
0	0.9999551	-4.4354236e-09	0	1.0581432e-19	-1.1199496e-21	0	0.75	20
0	0.70710677	0.70710677	0	1.06009354e-19	-1.12e-21	0.7853982	0.75	20
0	0.99996567	-4.829524e-09	0	1.0438797e-19	-1.0879626e-21	0	0.7	20
0	0.70709926	0.70709926	0	1.0451663e-19	-1.0879883e-21	0.7853982	0.7	20
0	0.99995553	-4.9023785e-09	0	9.94274e-20	-1.0079554e-21	0	0.65	20
0	0.707051	0.7070511	0	9.945566e-20	-1.0079205e-21	0.7853982	0.65	20
0	0.99995553	-4.8903677e-09	0	9.9427394e-20	-1.0079553e-21	0	0.6	20
0	0.707051	0.7070511	0	9.945567e-20	-1.0079206e-21	0.7853982	0.6	20
0	0.9999564	-4.3922928e-09	0	9.777921e-20	-9.759573e-22	0	0.55	20
0	0.70699495	0.70699507	0	9.765598e-20	-9.758456e-22	0.7853982	0.55	20
0	0.9999786	-3.297568e-09	0	9.429237e-20	-8.959808e-22	0	0.5	20
0	0.7066905	0.70669067	0	9.3378894e-20	-8.954727e-22	0.7853982	0.5	20
0	0.9999727	-3.4359982e-09	0	8.6534744e-20	-7.9997827e-22	0	0.45	20
0	0.70666885	0.70666885	0	8.5579874e-20	-7.995046e-22	0.7853982	0.45	20
0	0.9999761	-3.4651748e-09	0	8.500081e-20	-7.6798156e-22	0	0.4	20
0	0.7064547	0.7064547	0	8.3668543e-20	-7.672917e-22	0.7853982	0.4	20
0	0.99999166	-3.3011696e-09	0	8.0946305e-20	-6.879943e-22	0	0.35	20
0	0.7055488	0.7055489	0	7.8283585e-20	-6.8648423e-22	0.7853982	0.35	20
0	0.9999895	-2.7368248e-09	0	7.8625714e-20	-6.559931e-22	0	0.3	20
0	0.7053023	0.70530224	0	7.566732e-20	-6.543258e-22	0.7853982	0.3	20
0	0.9999982	-9.840733e-10	0	6.95137e-20	-5.1199915e-22	0	0.25	20
0	0.7016404	0.7016404	0	6.3800066e-20	-5.0804197e-22	0.7853982	0.25	20
0	0.9999983	-7.605801e-10	0	6.617921e-20	-4.799992e-22	0	0.2	20
0	0.7018436	0.70184356	0	6.060823e-20	-4.764272e-22	0.7853982	0.2	20
0	0.99999976	-2.6707045e-10	0	4.576431e-20	-2.7199995e-22	0	0.15	20
0	0.6934661	0.6934662	0	3.8873498e-20	-2.6675292e-22	0.7853982	0.15	20
0	0.99999964	-3.1147867e-09	0	7.437964e-20	-6.8799985e-22	0	1	15
0	0.70709133	0.7070913	0	7.4291934e-20	-6.879849e-22	0.7853982	1	15
0	0.99999964	-3.117494e-09	0	7.437965e-20	-6.8799985e-22	0	0.95	15
0	0.70709133	0.70709133	0	7.4291934e-20	-6.879849e-22	0.7853982	0.95	15
0	0.9999998	-2.7819003e-09	0	7.183667e-20	-6.56e-22	0	0.9	15
0	0.7070966	0.70709646	0	7.178174e-20	-6.559905e-22	0.7853982	0.9	15
0	0.9999957	-3.934241e-09	0	6.924855e-20	-6.2399736e-22	0	0.85	15
0	0.7071048	0.7071048	0	6.925604e-20	-6.2399827e-22	0.7853982	0.85	15
0	0.9999957	-3.9476733e-09	0	6.924855e-20	-6.2399736e-22	0	0.8	15
0	0.7071048	0.7071048	0	6.925604e-20	-6.2399827e-22	0.7853982	0.8	15
0	0.9999976	-3.1876353e-09	0	6.832432e-20	-6.079986e-22	0	0.75	15
0	0.70710605	0.7071061	0	6.8326876e-20	-6.0799936e-22	0.7853982	0.75	15
0	0.9999976	-3.1861036e-09	0	6.832432e-20	-6.079986e-22	0	0.7	15
0	0.7071061	0.7071061	0	6.8326876e-20	-6.0799936e-22	0.7853982	0.7	15
0	0.99998945	-2.5405933e-09	0	6.287988e-20	-5.439943e-22	0	0.65	15
0	0.70710117	0.70710117	0	6.290684e-20	-5.439956e-22	0.7853982	0.65	15
0	0.99998945	-2.6090727e-09	0	6.2879886e-20	-5.439943e-22	0	0.6	15
0	0.70710117	0.70710117	0	6.290684e-20	-5.439956e-22	0.7853982	0.6	15
0	0.99999285	-2.8921932e-09	0	6.0849125e-20	-5.1199643e-22	0	0.55	15
0	0.7070695	0.7070695	0	6.07744e-20	-5.11973e-22	0.7853982	0.55	15
0	0.9999969	-2.4728868e-09	0	6.012627e-20	-4.959985e-22	0	0.5	15
0	0.70702744	0.70702744	0	5.993372e-20	-4.9594436e-22	0.7853982	0.5	15
0	0.9999937	-2.4647933e-09	0	5.736507e-20	-4.6399703e-22	0	0.45	15
0	0.70698506	0.70698506	0	5.7100265e-20	-4.6392014e-22	0.7853982	0.45	15
0	0.9999922	-1.8230639e-09	0	5.1414216e-20	-3.9999688e-22	0	0.4	15
0	0.7069264	0.7069264	0	5.1034388e-20	-3.9989798e-22	0.7853982	0.4	15
0	0.9999986	-8.340893e-10	0	4.8554898e-20	-3.5199948e-22	0	0.35	15
0	0.70643944	0.70643955	0	4.7560817e-20	-3.516678e-22	0.7853982	0.35	15
0	0.9999986	-8.5128704e-10	0	4.8554898e-20	-3.5199948e-22	0	0.3	15
0	0.7064395	0.70643955	0	4.7560814e-20	-3.516678e-22	0.7853982	0.3	15
0	0.9999978	-6.847485e-10	0	4.197272e-20	-2.8799938e-22	0	0.25	15
0	0.70617485	0.7061749	0	4.0726796e-20	-2.8762043e-22	0.7853982	0.25	15
0	0.99999976	-3.3357467e-10	0	3.5070726e-20	-2.0799996e-22	0	0.2	15
0	0.7025315	0.70253146	0	3.2297012e-20	-2.0665414e-22	0.7853982	0.2	15
0	0.99999976	-3.3357467e-10	0	3.5070723e-20	-2.0799996e-22	0	0.15	15
0	0.7025312	0.70253116	0	3.229701e-20	-2.0665404e-22	0.7853982	0.15	15
0	0.9999994	-1.7083949e-09	0	4.2022766e-20	-3.1999985e-22	0	1	10
0	0.70710635	0.7071063	0	4.2023047e-20	-3.199998e-22	0.7853982	1	10
0	0.9999991	-2.129941e-09	0	4.0383975e-20	-3.0399976e-22	0	0.95	10
0	0.70710635	0.7071064	0	4.0386454e-20	-3.039998e-22	0.7853982	0.95	10
0	0.9999991	-2.1134743e-09	0	4.0383975e-20	-3.0399976e-22	0	0.9	10
0	0.70710635	0.70710635	0	4.0386457e-20	-3.0399983e-22	0.7853982	0.9	10
0	0.9999991	-2.1010285e-09	0	4.0383975e-20	-3.0399976e-22	0	0.85	10
0	0.70710635	0.7071064	0	4.0386457e-20	-3.0399978e-22	0.7853982	0.85	10
0	0.9999991	-2.1611508e-09	0	4.0383975e-20	-3.0399976e-22	0	0.8	10
0	0.70710635	0.7071064	0	4.0386457e-20	-3.039998e-22	0.7853982	0.8	10
0	0.9999991	-2.1383657e-09	0	4.038398e-20	-3.0399976e-22	0	0.75	10
0	0.70710635	0.7071064	0	4.0386457e-20	-3.0399978e-22	0.7853982	0.75	10
0	0.99999857	-1.7941656e-09	0	3.759837e-20	-2.719996e-22	0	0.7	10
0	0.7070885	0.7070885	0	3.7559018e-20	-2.7199298e-22	0.7853982	0.7	10
0	0.999998	-1.4099594e-09	0	3.391483e-20	-2.3999953e-22	0	0.65	10
0	0.7070883	0.70708835	0	3.3868955e-20	-2.3999373e-22	0.7853982	0.65	10
0	0.999998	-1.4229045e-09	0	3.391483e-20	-2.3999953e-22	0	0.6	10
0	0.70708835	0.70708835	0	3.3868955e-20	-2.3999373e-22	0.7853982	0.6	10
0	0.99999917	-8.731149e-10	0	3.255353e-20	-2.2399982e-22	0	0.55	10
0	0.7070529	0.7070528	0	3.243566e-20	-2.2398293e-22	0.7853982	0.55	10
0	0.99999917	-9.058567e-10	0	3.2553535e-20	-2.2399982e-22	0	0.5	10
0	0.7070529	0.7070528	0	3.243566e-20	-2.2398296e-22	0.7853982	0.5	10
0	0.99999917	-8.2426205e-10	0	3.255353e-20	-2.239998e-22	0	0.45	10
0	0.7070528	0.7070528	0	3.243566e-20	-2.2398293e-22	0.7853982	0.45	10
0	0.9999984	-1.1107962e-09	0	2.9172062e-20	-1.9199968e-22	0	0.4	10
0	0.70698017	0.7069802	0	2.8946543e-20	-1.9196563e-22	0.7853982	0.4	10
0	0.9999984	-1.0707785e-09	0	2.9172062e-20	-1.9199968e-22	0	0.35	10
0	0.70698017	0.70698017	0	2.894654e-20	-1.9196563e-22	0.7853982	0.35	10
0	0.99999976	-3.5733036e-10	0	2.4520928e-20	-1.4399997e-22	0	0.3	10
0	0.7062735	0.7062735	0	2.3823196e-20	-1.4383031e-22	0.7853982	0.3	10
0	0.9999997	-3.5733036e-10	0	2.4520928e-20	-1.4399997e-22	0	0.25	10
0	0.7062735	0.7062735	0	2.3823193e-20	-1.438303e-22	0.7853982	0.25	10
0	0.9999997	-1.0809994e-10	0	1.9314876e-20	-1.1199998e-22	0	0.2	10
0	0.70687324	0.7068731	0	1.906876e-20	-1.11963e-22	0.7853982	0.2	10
0	0.9999997	-1.0809994e-10	0	1.9314876e-20	-1.1199998e-22	0	0.15	10
0	0.70687324	0.7068731	0	1.906876e-20	-1.11963e-22	0.7853982	0.15	10
