# t (s)	mx ()	my ()	mz ()	E_total (J)	E_Zeeman (J)	Angle (rad)	Roundness ()	Size (nm)
0	0.9876045	7.640833e-08	0	1.1699265e-18	-5.092879e-20	0	1	128
0	0.69750494	0.69748074	0	1.1565367e-18	-5.0866864e-20	0.7853982	1	128
0	0.98756576	-8.304462e-09	0	1.1664775e-18	-5.073718e-20	0	0.99	128
0	0.6976857	0.6976607	0	1.1571398e-18	-5.069059e-20	0.7853982	0.99	128
0	0.9874202	-5.267474e-09	0	1.1601126e-18	-5.041373e-20	0	0.98	128
0	0.6978393	0.6978126	0	1.1551809e-18	-5.0385885e-20	0.7853982	0.98	128
0	0.98735434	-1.0414438e-08	0	1.1578149e-18	-5.031558e-20	0	0.97	128
0	0.6979054	0.6978775	0	1.1549527e-18	-5.029587e-20	0.7853982	0.97	128
0	0.9871847	-1.1570728e-08	0	1.1516424e-18	-5.007001e-20	0	0.96	128
0	0.6982145	0.69819504	0	1.156172e-18	-5.0081466e-20	0.7853982	0.96	128
0	0.98714674	-4.4510267e-09	0	1.1494213e-18	-4.994173e-20	0	0.95	128
0	0.6982929	0.69826597	0	1.1558921e-18	-4.996042e-20	0.7853982	0.95	128
0	0.9869528	-1.5223656e-09	0	1.1421034e-18	-4.961609e-20	0	0.94	128
0	0.69861937	0.69858664	0	1.1562729e-18	-4.9667427e-20	0.7853982	0.94	128
0	0.986979	-6.679831e-09	0	1.1402166e-18	-4.9459494e-20	0	0.93	128
0	0.69863266	0.69860286	0	1.1543297e-18	-4.951039e-20	0.7853982	0.93	128
0	0.986831	-1.2311528e-08	0	1.1336262e-18	-4.9152087e-20	0	0.92	128
0	0.6990432	0.69901454	0	1.1559018e-18	-4.9238995e-20	0.7853982	0.92	128
0	0.98680776	-8.51769e-09	0	1.132088e-18	-4.905618e-20	0	0.91	128
0	0.6990755	0.69904774	0	1.1553949e-18	-4.91464e-20	0.7853982	0.91	128
0	0.98688245	-1.1536227e-08	0	1.1296602e-18	-4.8807256e-20	0	0.9	128
0	0.6992372	0.6992221	0	1.1547386e-18	-4.8905067e-20	0.7853982	0.9	128
0	0.98660105	-8.072875e-09	0	1.1224234e-18	-4.857234e-20	0	0.89	128
0	0.69952023	0.6994893	0	1.1550586e-18	-4.870271e-20	0.7853982	0.89	128
0	0.9867237	-2.4875797e-09	0	1.1215088e-18	-4.837315e-20	0	0.88	128
0	0.6997293	0.69970167	0	1.155737e-18	-4.851156e-20	0.7853982	0.88	128
0	0.9864474	1.8964002e-08	0	1.1136166e-18	-4.80755e-20	0	0.87	128
0	0.70001596	0.6999851	0	1.1551301e-18	-4.8246214e-20	0.7853982	0.87	128
0	0.9864968	-1.1166041e-08	0	1.1113707e-18	-4.7856935e-20	0	0.86	128
0	0.7001522	0.7001202	0	1.1545726e-18	-4.803377e-20	0.7853982	0.86	128
0	0.98634446	-7.994238e-09	0	1.1055413e-18	-4.758126e-20	0	0.85	128
0	0.7005651	0.70053595	0	1.155801e-18	-4.779272e-20	0.7853982	0.85	128
0	0.98635566	-9.749928e-09	0	1.1041844e-18	-4.745555e-20	0	0.84	128
0	0.7007091	0.70067614	0	1.1561151e-18	-4.7675576e-20	0.7853982	0.84	128
0	0.9864782	-7.4031883e-09	0	1.1018322e-18	-4.714577e-20	0	0.83	128
0	0.7009548	0.70093936	0	1.1557287e-18	-4.737568e-20	0.7853982	0.83	128
0	0.9862061	-8.5020435e-09	0	1.0941188e-18	-4.684873e-20	0	0.82	128
0	0.70126677	0.7012334	0	1.1548841e-18	-4.7110543e-20	0.7853982	0.82	128
0	0.98636454	-8.489169e-09	0	1.0928344e-18	-4.658797e-20	0	0.81	128
0	0.70147485	0.70143944	0	1.1539261e-18	-4.685463e-20	0.7853982	0.81	128
0	0.98607516	-3.1941951e-09	0	1.0843661e-18	-4.625876e-20	0	0.8	128
0	0.7018279	0.7017967	0	1.153591e-18	-4.6560746e-20	0.7853982	0.8	128
0	0.9862481	-3.9547743e-09	0	1.0854305e-18	-4.6109077e-20	0	0.79	128
0	0.7020657	0.70203614	0	1.1543518e-18	-4.6417725e-20	0.7853982	0.79	128
0	0.98626757	-6.457341e-09	0	1.0818028e-18	-4.581016e-20	0	0.78	128
0	0.70231867	0.7022836	0	1.1535698e-18	-4.6132335e-20	0.7853982	0.78	128
0	0.98604476	-9.968087e-09	0	1.0755033e-18	-4.554738e-20	0	0.77	128
0	0.7026663	0.7026514	0	1.1536474e-18	-4.5901435e-20	0.7853982	0.77	128
0	0.9862026	-3.8526284e-09	0	1.073937e-18	-4.523909e-20	0	0.76	128
0	0.70293725	0.70291907	0	1.1524759e-18	-4.560092e-20	0.7853982	0.76	128
0	0.9860627	-5.9704197e-09	0	1.0674927e-18	-4.48698e-20	0	0.75	128
0	0.7033959	0.70336354	0	1.1523175e-18	-4.5264154e-20	0.7853982	0.75	128
0	0.98608226	-8.527361e-09	0	1.0652507e-18	-4.464981e-20	0	0.74	128
0	0.70357513	0.703543	0	1.1510771e-18	-4.5052825e-20	0.7853982	0.74	128
0	0.98620105	-7.4426376e-09	0	1.0644422e-18	-4.4402716e-20	0	0.73	128
0	0.70392686	0.7038995	0	1.1516452e-18	-4.4820655e-20	0.7853982	0.73	128
0	0.9860574	-9.345928e-09	0	1.0582437e-18	-4.403338e-20	0	0.72	128
0	0.70437455	0.7043464	0	1.1509338e-18	-4.4482565e-20	0.7853982	0.72	128
0	0.98608476	-8.062296e-09	0	1.0564128e-18	-4.381372e-20	0	0.71	128
0	0.7046339	0.704605	0	1.1505215e-18	-4.4275705e-20	0.7853982	0.71	128
0	0.98624676	3.5807107e-10	0	1.0556584e-18	-4.350532e-20	0	0.7	128
0	0.70498997	0.7049622	0	1.1500289e-18	-4.3979074e-20	0.7853982	0.7	128
0	0.98611546	-1.11158736e-08	0	1.0487091e-18	-4.3105086e-20	0	0.69	128
0	0.7053076	0.7052778	0	1.1474085e-18	-4.359986e-20	0.7853982	0.69	128
0	0.98622584	-3.376645e-09	0	1.0470207e-18	-4.2825874e-20	0	0.68	128
0	0.7055151	0.7054825	0	1.1450419e-18	-4.332525e-20	0.7853982	0.68	128
0	0.9863035	-8.966752e-09	0	1.0437122e-18	-4.241894e-20	0	0.67	128
0	0.70591515	0.7058864	0	1.1436295e-18	-4.293465e-20	0.7853982	0.67	128
0	0.9862542	-8.10282e-09	0	1.0411399e-18	-4.218012e-20	0	0.66	128
0	0.706147	0.70611745	0	1.1424151e-18	-4.2709054e-20	0.7853982	0.66	128
0	0.98629606	-8.265795e-09	0	1.0390083e-18	-4.189786e-20	0	0.65	128
0	0.70634866	0.70631903	0	1.1406817e-18	-4.2433564e-20	0.7853982	0.65	128
0	0.986386	-3.7537276e-09	0	1.0336464e-18	-4.1349308e-20	0	0.64	128
0	0.7066171	0.70659035	0	1.1364162e-18	-4.189018e-20	0.7853982	0.64	128
0	0.98636085	-6.438491e-09	0	1.0313549e-18	-4.112731e-20	0	0.63	128
0	0.70669574	0.7066699	0	1.1343476e-18	-4.1671004e-20	0.7853982	0.63	128
0	0.9866098	-4.4612153e-07	0	1.0331923e-18	-4.0821974e-20	0	0.62	128
0	0.7067274	0.70671505	0	1.1322979e-18	-4.1353444e-20	0.7853982	0.62	128
0	0.9865986	-3.5690355e-09	0	1.0260373e-18	-4.026901e-20	0	0.61	128
0	0.7066909	0.70666015	0	1.1261457e-18	-4.0791107e-20	0.7853982	0.61	128
0	0.98663443	-5.2261992e-08	0	1.0252947e-18	-4.0049465e-20	0	0.6	128
0	0.7065317	0.7064913	0	1.1234437e-18	-4.0557825e-20	0.7853982	0.6	128
0	0.98683393	-7.882305e-09	0	1.0240684e-18	-3.964704e-20	0	0.59	128
0	0.7062507	0.7061928	0	1.1181476e-18	-4.0125714e-20	0.7853982	0.59	128
0	0.98683804	-9.281706e-09	0	1.0188402e-18	-3.9189316e-20	0	0.58	128
0	0.7057085	0.7056388	0	1.1117406e-18	-3.9631512e-20	0.7853982	0.58	128
0	0.9870682	-1.0381708e-08	0	1.0194709e-18	-3.8819418e-20	0	0.57	128
0	0.70489204	0.7048136	0	1.1058431e-18	-3.920264e-20	0.7853982	0.57	128
0	0.98721695	-6.2802124e-09	0	1.0182494e-18	-3.8461976e-20	0	0.56	128
0	0.70410526	0.7040149	0	1.0993141e-18	-3.8792134e-20	0.7853982	0.56	128
0	0.98735183	-1.0019746e-08	0	1.0151462e-18	-3.8024895e-20	0	0.55	128
0	0.7030373	0.7029457	0	1.091644e-18	-3.8287867e-20	0.7853982	0.55	128
0	0.9876126	-8.713232e-09	0	1.0151978e-18	-3.7576686e-20	0	0.54	128
0	0.7013713	0.7012919	0	1.0819443e-18	-3.7737253e-20	0.7853982	0.54	128
0	0.9876194	-1.2582358e-08	0	1.0099143e-18	-3.7166094e-20	0	0.53	128
0	0.70018333	0.7000914	0	1.0732102e-18	-3.726109e-20	0.7853982	0.53	128
0	0.98791796	-8.233501e-09	0	1.0101754e-18	-3.670313e-20	0	0.52	128
0	0.69788367	0.6977985	0	1.0622115e-18	-3.666517e-20	0.7853982	0.52	128
0	0.98803186	-7.0993527e-09	0	1.0068586e-18	-3.6217295e-20	0	0.51	128
0	0.6952527	0.6951726	0	1.0491337e-18	-3.6039416e-20	0.7853982	0.51	128
0	0.98839056	-7.493268e-09	0	1.0094479e-18	-3.5882536e-20	0	0.5	128
0	0.6932377	0.69318813	0	1.0403022e-18	-3.559067e-20	0.7853982	0.5	128
0	0.98857605	-6.71948e-09	0	1.0082967e-18	-3.5462202e-20	0	0.49	128
0	0.69070125	0.6906329	0	1.0279362e-18	-3.5038e-20	0.7853982	0.49	128
0	0.9887111	-3.986566e-09	0	1.0036357e-18	-3.496083e-20	0	0.48	128
0	0.68790656	0.6878524	0	1.0135541e-18	-3.4398506e-20	0.7853982	0.48	128
0	0.9891456	-9.416754e-09	0	1.0047786e-18	-3.4453924e-20	0	0.47	128
0	0.6850507	0.6850031	0	9.985553e-19	-3.374435e-20	0.7853982	0.47	128
0	0.9893545	-1.3119124e-08	0	1.0034864e-18	-3.401796e-20	0	0.46	128
0	0.6821901	0.68214387	0	9.84269e-19	-3.317127e-20	0.7853982	0.46	128
0	0.9897499	-1.2191539e-08	0	1.004674e-18	-3.357232e-20	0	0.45	128
0	0.6791197	0.6790788	0	9.690776e-19	-3.257648e-20	0.7853982	0.45	128
0	0.9899623	-1.4116701e-08	0	9.993458e-19	-3.2945948e-20	0	0.44	128
0	0.67554337	0.6755079	0	9.482898e-19	-3.1793634e-20	0.7853982	0.44	128
0	0.9904445	-2.0470006e-08	0	1.0013707e-18	-3.2470736e-20	0	0.43	128
0	0.6725449	0.6725134	0	9.323665e-19	-3.1180854e-20	0.7853982	0.43	128
0	0.99080867	-1.5144957e-08	0	1.0011525e-18	-3.197538e-20	0	0.42	128
0	0.6696298	0.66960114	0	9.163447e-19	-3.0560915e-20	0.7853982	0.42	128
0	0.991278	1.2956815e-07	0	1.003709e-18	-3.1530574e-20	0	0.41	128
0	0.66621304	0.66618854	0	8.992119e-19	-2.996791e-20	0.7853982	0.41	128
0	0.9915424	-1.2262095e-08	0	9.979652e-19	-3.0904395e-20	0	0.4	128
0	0.66317976	0.66315895	0	8.777196e-19	-2.923132e-20	0.7853982	0.4	128
0	0.99199224	-1.55269e-08	0	9.983789e-19	-3.0426385e-20	0	0.39	128
0	0.6603098	0.6602906	0	8.6058837e-19	-2.864168e-20	0.7853982	0.39	128
0	0.9924173	-1.0250998e-08	0	9.972325e-19	-2.9804274e-20	0	0.38	128
0	0.65666336	0.6566471	0	8.3820693e-19	-2.788924e-20	0.7853982	0.38	128
0	0.9929022	-1.7425721e-08	0	9.989299e-19	-2.932636e-20	0	0.37	128
0	0.6534756	0.6534612	0	8.200549e-19	-2.729552e-20	0.7853982	0.37	128
0	0.9933241	-1.3601642e-08	0	9.959172e-19	-2.8703096e-20	0	0.36	128
0	0.65052027	0.65050787	0	7.99009e-19	-2.658333e-20	0.7853982	0.36	128
0	0.9937662	-1.2862675e-08	0	9.945537e-19	-2.8127563e-20	0	0.35	128
0	0.64727557	0.64726484	0	7.7675356e-19	-2.5908867e-20	0.7853982	0.35	128
0	0.994392	-1.5744785e-08	0	9.975477e-19	-2.754068e-20	0	0.34	128
0	0.6432319	0.64322346	0	7.5389236e-19	-2.5193983e-20	0.7853982	0.34	128
0	0.99466974	-2.5760382e-08	0	9.948893e-19	-2.7055018e-20	0	0.33	128
0	0.64109933	0.6410913	0	7.371915e-19	-2.4660763e-20	0.7853982	0.33	128
0	0.9952944	-1.9446286e-08	0	9.9474e-19	-2.633947e-20	0	0.32	128
0	0.63717306	0.63716686	0	7.1178706e-19	-2.3846565e-20	0.7853982	0.32	128
0	0.995577	-1.2572566e-08	0	9.850399e-19	-2.5661992e-20	0	0.31	128
0	0.63572353	0.6357179	0	6.924323e-19	-2.3173783e-20	0.7853982	0.31	128
0	0.99624485	-1.6948649e-08	0	9.893162e-19	-2.505755e-20	0	0.3	128
0	0.6313264	0.6313222	0	6.690723e-19	-2.2456395e-20	0.7853982	0.3	128
0	0.99646217	-2.127433e-08	0	9.828746e-19	-2.4393398e-20	0	0.29	128
0	0.6292332	0.6292291	0	6.472899e-19	-2.178395e-20	0.7853982	0.29	128
0	0.99697375	-1.5731784e-08	0	9.829374e-19	-2.3751908e-20	0	0.28	128
0	0.62564665	0.62564355	0	6.22871e-19	-2.1079378e-20	0.7853982	0.28	128
0	0.99726534	-2.817267e-08	0	9.783764e-19	-2.308869e-20	0	0.27	128
0	0.6231095	0.62309235	0	6.0248703e-19	-2.040149e-20	0.7853982	0.27	128
0	0.99766344	-1.9559103e-08	0	9.750922e-19	-2.2379585e-20	0	0.26	128
0	0.6199396	0.6199373	0	5.776445e-19	-1.9666702e-20	0.7853982	0.26	128
0	0.99809074	-1.6761048e-08	0	9.692931e-19	-2.155876e-20	0	0.25	128
0	0.6165324	0.6165309	0	5.514876e-19	-1.8833198e-20	0.7853982	0.25	128
0	0.9982319	-1.6916308e-08	0	9.628778e-19	-2.0970857e-20	0	0.24	128
0	0.61490774	0.6149061	0	5.331794e-19	-1.8268759e-20	0.7853982	0.24	128
0	0.99864805	-2.8419315e-08	0	9.612148e-19	-2.0228615e-20	0	0.23	128
0	0.61057365	0.61057264	0	5.065264e-19	-1.7490666e-20	0.7853982	0.23	128
0	0.9987416	-2.3409578e-08	0	9.526665e-19	-1.9527398e-20	0	0.22	128
0	0.6088331	0.6088319	0	4.878725e-19	-1.6834644e-20	0.7853982	0.22	128
0	0.99902326	-9.739653e-09	0	9.47392e-19	-1.8781638e-20	0	0.21	128
0	0.6055205	0.6055199	0	4.627519e-19	-1.6099096e-20	0.7853982	0.21	128
0	0.99921453	-1.3551487e-08	0	9.418002e-19	-1.801784e-20	0	0.2	128
0	0.60178584	0.60178536	0	4.40702e-19	-1.5346192e-20	0.7853982	0.2	128
0	0.9993111	-1.41316105e-08	0	9.286681e-19	-1.7236119e-20	0	0.19	128
0	0.6006085	0.6006079	0	4.1829435e-19	-1.465025e-20	0.7853982	0.19	128
0	0.99954516	-1.2220308e-08	0	9.194861e-19	-1.6360555e-20	0	0.18	128
0	0.5956733	0.59567314	0	3.93935e-19	-1.3788553e-20	0.7853982	0.18	128
0	0.9995328	-8.554795e-09	0	9.03454e-19	-1.5592713e-20	0	0.17	128
0	0.5955155	0.59551483	0	3.7607893e-19	-1.31380976e-20	0.7853982	0.17	128
0	0.99969304	-6.3912764e-09	0	8.948538e-19	-1.4811452e-20	0	0.16	128
0	0.59132516	0.5913249	0	3.513781e-19	-1.2390027e-20	0.7853982	0.16	128
0	0.9998207	-6.550338e-09	0	8.866298e-19	-1.3901507e-20	0	0.15	128
0	0.5848985	0.5848986	0	3.245863e-19	-1.150099e-20	0.7853982	0.15	128
0	0.999794	-6.771892e-09	0	8.6474066e-19	-1.3165288e-20	0	0.14	128
0	0.5866797	0.5866793	0	3.097084e-19	-1.0925359e-20	0.7853982	0.14	128
0	0.9998877	-3.827457e-09	0	8.522875e-19	-1.228662e-20	0	0.13	128
0	0.58086485	0.5808646	0	2.8385403e-19	-1.0094183e-20	0.7853982	0.13	128
0	0.9998662	-3.1861378e-09	0	8.3054445e-19	-1.14544675e-20	0	0.12	128
0	0.5805682	0.58056754	0	2.681077e-19	-9.405914e-21	0.7853982	0.12	128
0	0.9999321	-1.8346354e-09	0	8.1283477e-19	-1.0639276e-20	0	0.11	128
0	0.5768406	0.5768404	0	2.4627235e-19	-8.679853e-21	0.7853982	0.11	128
0	0.99769914	-1.5067345e-08	0	5.2813016e-19	-1.28822936e-20	0	1	64
0	0.7050683	0.7050672	0	5.2508495e-19	-1.2874767e-20	0.7853982	1	64
0	0.99764556	-1.2922536e-08	0	5.261009e-19	-1.2817751e-20	0	0.99	64
0	0.70514107	0.7051389	0	5.240191e-19	-1.2812263e-20	0.7853982	0.99	64
0	0.99753594	-1.0790737e-08	0	5.232074e-19	-1.27365385e-20	0	0.98	64
0	0.70522374	0.7052201	0	5.224569e-19	-1.2733965e-20	0.7853982	0.98	64
0	0.9975602	-1.2430927e-08	0	5.216979e-19	-1.2673005e-20	0	0.97	64
0	0.70524764	0.7052447	0	5.2099237e-19	-1.2670571e-20	0.7853982	0.97	64
0	0.99756026	-1.4070713e-08	0	5.2169785e-19	-1.2673005e-20	0	0.96	64
0	0.7052477	0.7052446	0	5.209923e-19	-1.26705725e-20	0.7853982	0.96	64
0	0.9975444	-1.0395065e-08	0	5.20831e-19	-1.2640884e-20	0	0.95	64
0	0.7052986	0.70529544	0	5.2067375e-19	-1.2639568e-20	0.7853982	0.95	64
0	0.9973785	-1.2078684e-08	0	5.164852e-19	-1.2511115e-20	0	0.94	64
0	0.70550257	0.70549995	0	5.190622e-19	-1.2515517e-20	0.7853982	0.94	64
0	0.9973786	-1.1579761e-08	0	5.1648516e-19	-1.2511117e-20	0	0.93	64
0	0.7055028	0.7054998	0	5.190622e-19	-1.2515519e-20	0.7853982	0.93	64
0	0.9973644	-1.3950735e-08	0	5.146765e-19	-1.24471085e-20	0	0.92	64
0	0.70552367	0.7055199	0	5.1752814e-19	-1.2452027e-20	0.7853982	0.92	64
0	0.99733835	-1.0584517e-08	0	5.136766e-19	-1.2414869e-20	0	0.91	64
0	0.7055629	0.70555973	0	5.170302e-19	-1.2420792e-20	0.7853982	0.91	64
0	0.9974078	-1.0715631e-08	0	5.124934e-19	-1.233594e-20	0	0.9	64
0	0.70569766	0.7056945	0	5.1659425e-19	-1.23433264e-20	0.7853982	0.9	64
0	0.99719507	-7.150232e-09	0	5.092429e-19	-1.226949e-20	0	0.89	64
0	0.705805	0.70580286	0	5.1543485e-19	-1.2281329e-20	0.7853982	0.89	64
0	0.9971746	-1.403905e-08	0	5.0826583e-19	-1.2237326e-20	0	0.88	64
0	0.7058352	0.70583224	0	5.148465e-19	-1.2249906e-20	0.7853982	0.88	64
0	0.99720204	-1.2887557e-08	0	5.075736e-19	-1.2205755e-20	0	0.87	64
0	0.7058246	0.7058211	0	5.139021e-19	-1.22177735e-20	0.7853982	0.87	64
0	0.9972947	-1.4761646e-08	0	5.0698546e-19	-1.214306e-20	0	0.86	64
0	0.70592284	0.7059201	0	5.135442e-19	-1.215559e-20	0.7853982	0.86	64
0	0.99706	-1.2874821e-08	0	5.012397e-19	-1.1980672e-20	0	0.85	64
0	0.70613694	0.70613545	0	5.1089084e-19	-1.1999508e-20	0.7853982	0.85	64
0	0.9970472	-1.1136081e-08	0	5.001807e-19	-1.19486134e-20	0	0.84	64
0	0.706131	0.70612884	0	5.098922e-19	-1.1967445e-20	0.7853982	0.84	64
0	0.9971334	-9.589634e-09	0	5.0061534e-19	-1.1933693e-20	0	0.83	64
0	0.70615906	0.7061565	0	5.099996e-19	-1.1951936e-20	0.7853982	0.83	64
0	0.9971471	-8.749926e-09	0	4.99324e-19	-1.1870038e-20	0	0.82	64
0	0.7062391	0.70623714	0	5.0922257e-19	-1.1889375e-20	0.7853982	0.82	64
0	0.99715257	-1.2021843e-08	0	4.98716e-19	-1.1838195e-20	0	0.81	64
0	0.7062899	0.70628816	0	5.089447e-19	-1.185827e-20	0.7853982	0.81	64
0	0.9969306	-1.0351131e-08	0	4.937829e-19	-1.1707954e-20	0	0.8	64
0	0.7064476	0.7064455	0	5.0659746e-19	-1.17330335e-20	0.7853982	0.8	64
0	0.9970807	-1.4284544e-08	0	4.926305e-19	-1.1613996e-20	0	0.79	64
0	0.70649034	0.7064888	0	5.0476526e-19	-1.1637833e-20	0.7853982	0.79	64
0	0.9970984	-9.9777235e-09	0	4.921783e-19	-1.1582295e-20	0	0.78	64
0	0.7065372	0.70653564	0	5.044964e-19	-1.160663e-20	0.7853982	0.78	64
0	0.9971226	-1.25111095e-08	0	4.9137506e-19	-1.15506685e-20	0	0.77	64
0	0.7065234	0.706522	0	5.0345407e-19	-1.1574432e-20	0.7853982	0.77	64
0	0.99719816	-1.0253641e-08	0	4.8929155e-19	-1.1439858e-20	0	0.76	64
0	0.70660317	0.7066011	0	5.0150244e-19	-1.1463812e-20	0.7853982	0.76	64
0	0.9970178	-1.1872716e-08	0	4.840438e-19	-1.1278266e-20	0	0.75	64
0	0.7067687	0.7067675	0	4.9860426e-19	-1.13065815e-20	0.7853982	0.75	64
0	0.9970178	-1.2584052e-08	0	4.840438e-19	-1.1278266e-20	0	0.74	64
0	0.70676833	0.706767	0	4.9860426e-19	-1.13065735e-20	0.7853982	0.74	64
0	0.99703026	-1.2199665e-08	0	4.8353804e-19	-1.1246501e-20	0	0.73	64
0	0.7068044	0.7068034	0	4.982366e-19	-1.1275167e-20	0.7853982	0.73	64
0	0.9971511	-1.1146559e-08	0	4.8259697e-19	-1.1152139e-20	0	0.72	64
0	0.7068804	0.7068794	0	4.970042e-19	-1.1180412e-20	0.7853982	0.72	64
0	0.99717367	-9.791617e-09	0	4.8157287e-19	-1.1088573e-20	0	0.71	64
0	0.70693403	0.70693326	0	4.9617e-19	-1.1117276e-20	0.7853982	0.71	64
0	0.99724627	-8.905603e-09	0	4.804524e-19	-1.1009598e-20	0	0.7	64
0	0.7069804	0.7069799	0	4.949638e-19	-1.1038024e-20	0.7853982	0.7	64
0	0.9970796	-1.0850453e-08	0	4.7659303e-19	-1.091204e-20	0	0.69	64
0	0.70702726	0.7070269	0	4.926186e-19	-1.09427675e-20	0.7853982	0.69	64
0	0.9971292	-1.0302241e-08	0	4.748921e-19	-1.08168575e-20	0	0.68	64
0	0.7070549	0.70705456	0	4.908102e-19	-1.08472015e-20	0.7853982	0.68	64
0	0.99732363	-1.2164016e-08	0	4.746573e-19	-1.0723222e-20	0	0.67	64
0	0.70706415	0.7070638	0	4.8925986e-19	-1.075135e-20	0.7853982	0.67	64
0	0.99729854	-8.759993e-09	0	4.7368917e-19	-1.069104e-20	0	0.66	64
0	0.70706916	0.7070689	0	4.88557e-19	-1.0719428e-20	0.7853982	0.66	64
0	0.9974281	-8.157879e-09	0	4.719736e-19	-1.05488e-20	0	0.65	64
0	0.70705855	0.7070582	0	4.8607506e-19	-1.0575276e-20	0.7853982	0.65	64
0	0.9972605	-9.830785e-09	0	4.676564e-19	-1.045129e-20	0	0.64	64
0	0.70705503	0.7070549	0	4.831917e-19	-1.0479231e-20	0.7853982	0.64	64
0	0.9973364	-1.2384151e-08	0	4.6671443e-19	-1.0356342e-20	0	0.63	64
0	0.70698726	0.70698684	0	4.814952e-19	-1.0382241e-20	0.7853982	0.63	64
0	0.99735034	-9.298787e-09	0	4.648176e-19	-1.0292656e-20	0	0.62	64
0	0.7069899	0.7069894	0	4.79509e-19	-1.03182905e-20	0.7853982	0.62	64
0	0.99754256	-1.1707847e-08	0	4.6528517e-19	-1.0198877e-20	0	0.61	64
0	0.70686823	0.7068673	0	4.7812306e-19	-1.02205435e-20	0.7853982	0.61	64
0	0.9976483	-1.4401714e-08	0	4.6440923e-19	-1.0120145e-20	0	0.6	64
0	0.706813	0.70681196	0	4.764091e-19	-1.0139777e-20	0.7853982	0.6	64
0	0.99765044	-1.2782626e-08	0	4.6185185e-19	-9.992467e-21	0	0.59	64
0	0.70662224	0.70662117	0	4.7330406e-19	-1.0009129e-20	0.7853982	0.59	64
0	0.9975213	-1.1911916e-08	0	4.575091e-19	-9.895412e-21	0	0.58	64
0	0.70658237	0.7065809	0	4.700338e-19	-9.91263e-21	0.7853982	0.58	64
0	0.99763036	-1.318413e-08	0	4.570213e-19	-9.800722e-21	0	0.57	64
0	0.7063516	0.70635045	0	4.680534e-19	-9.8135e-21	0.7853982	0.57	64
0	0.99778366	-1.3342574e-08	0	4.5633817e-19	-9.7064394e-21	0	0.56	64
0	0.706189	0.7061861	0	4.6567575e-19	-9.715353e-21	0.7853982	0.56	64
0	0.9979236	-1.6993933e-08	0	4.565294e-19	-9.627969e-21	0	0.55	64
0	0.70591897	0.70591736	0	4.6401896e-19	-9.6317815e-21	0.7853982	0.55	64
0	0.9979234	-1.1690838e-08	0	4.5390714e-19	-9.5002315e-21	0	0.54	64
0	0.7055168	0.70551324	0	4.6024205e-19	-9.498571e-21	0.7853982	0.54	64
0	0.99794084	-1.5062925e-08	0	4.5354515e-19	-9.4684634e-21	0	0.53	64
0	0.70539594	0.7053918	0	4.594153e-19	-9.4650166e-21	0.7853982	0.53	64
0	0.9979724	-1.1177469e-08	0	4.50024e-19	-9.309087e-21	0	0.52	64
0	0.70494545	0.7049401	0	4.54484e-19	-9.299452e-21	0.7853982	0.52	64
0	0.99806404	-1.3541967e-08	0	4.472037e-19	-9.150251e-21	0	0.51	64
0	0.70434207	0.70433676	0	4.494266e-19	-9.132118e-21	0.7853982	0.51	64
0	0.9981823	-1.3398869e-08	0	4.466576e-19	-9.03954e-21	0	0.5	64
0	0.7035988	0.7035932	0	4.4588664e-19	-9.0110374e-21	0.7853982	0.5	64
0	0.99822867	-1.2832294e-08	0	4.453523e-19	-8.9441295e-21	0	0.49	64
0	0.7030518	0.70304364	0	4.428121e-19	-8.908567e-21	0.7853982	0.49	64
0	0.998291	-1.28351045e-08	0	4.4440537e-19	-8.848853e-21	0	0.48	64
0	0.70234925	0.7023406	0	4.394987e-19	-8.8043085e-21	0.7853982	0.48	64
0	0.9984428	-1.5103401e-08	0	4.4462545e-19	-8.754347e-21	0	0.47	64
0	0.7015142	0.7015048	0	4.364091e-19	-8.698595e-21	0.7853982	0.47	64
0	0.99852914	-1.3428735e-08	0	4.4147875e-19	-8.579363e-21	0	0.46	64
0	0.70049596	0.7004877	0	4.3001555e-19	-8.511622e-21	0.7853982	0.46	64
0	0.9985446	-1.127672e-08	0	4.3947346e-19	-8.483636e-21	0	0.45	64
0	0.6998599	0.69985193	0	4.263607e-19	-8.40888e-21	0.7853982	0.45	64
0	0.99857676	-1.3741943e-08	0	4.3349424e-19	-8.292181e-21	0	0.44	64
0	0.6995804	0.6995716	0	4.1971286e-19	-8.2155595e-21	0.7853982	0.44	64
0	0.9987684	-1.3202546e-08	0	4.339272e-19	-8.1659294e-21	0	0.43	64
0	0.6979189	0.6979079	0	4.1462625e-19	-8.069701e-21	0.7853982	0.43	64
0	0.9988648	-1.5612537e-08	0	4.340469e-19	-8.08681e-21	0	0.42	64
0	0.69681114	0.6967996	0	4.113808e-19	-7.978055e-21	0.7853982	0.42	64
0	0.99885875	-1.0180449e-08	0	4.2954918e-19	-7.89498e-21	0	0.41	64
0	0.69516337	0.69515115	0	4.0290797e-19	-7.770428e-21	0.7853982	0.41	64
0	0.998901	-1.3027066e-08	0	4.285046e-19	-7.799419e-21	0	0.4	64
0	0.6940108	0.69399816	0	3.9891723e-19	-7.6633235e-21	0.7853982	0.4	64
0	0.9990896	-1.2568958e-08	0	4.2849936e-19	-7.6410365e-21	0	0.39	64
0	0.6915811	0.6915707	0	3.9210822e-19	-7.480019e-21	0.7853982	0.39	64
0	0.9991494	-9.768011e-09	0	4.2714033e-19	-7.52959e-21	0	0.38	64
0	0.689894	0.6898857	0	3.863598e-19	-7.3525096e-21	0.7853982	0.38	64
0	0.9991395	-1.1281474e-08	0	4.23604e-19	-7.401626e-21	0	0.37	64
0	0.68895	0.688941	0	3.805995e-19	-7.217733e-21	0.7853982	0.37	64
0	0.99917746	-1.1013563e-08	0	4.1689673e-19	-7.178092e-21	0	0.36	64
0	0.6876773	0.6876684	0	3.707657e-19	-6.9865565e-21	0.7853982	0.36	64
0	0.99933994	-1.0960463e-08	0	4.1803475e-19	-7.051342e-21	0	0.35	64
0	0.6845749	0.6845661	0	3.6427936e-19	-6.831118e-21	0.7853982	0.35	64
0	0.999388	-1.1606125e-08	0	4.1670273e-19	-6.9397505e-21	0	0.34	64
0	0.6827202	0.6827126	0	3.58414e-19	-6.7044774e-21	0.7853982	0.34	64
0	0.9993859	-1.2493231e-08	0	4.1232914e-19	-6.779835e-21	0	0.33	64
0	0.68124276	0.6812353	0	3.5044135e-19	-6.5358242e-21	0.7853982	0.33	64
0	0.9994332	-1.2677517e-08	0	4.1097057e-19	-6.652228e-21	0	0.32	64
0	0.67896247	0.6789552	0	3.4415343e-19	-6.391043e-21	0.7853982	0.32	64
0	0.9996018	-1.1045301e-08	0	4.111612e-19	-6.4454325e-21	0	0.31	64
0	0.6736067	0.67360353	0	3.3246353e-19	-6.1425027e-21	0.7853982	0.31	64
0	0.99958557	-1.0336501e-08	0	4.063434e-19	-6.317381e-21	0	0.3	64
0	0.673169	0.673164	0	3.25897e-19	-6.0166476e-21	0.7853982	0.3	64
0	0.99958867	-8.580441e-09	0	4.0358688e-19	-6.1894533e-21	0	0.29	64
0	0.6714621	0.67145646	0	3.1950148e-19	-5.8798413e-21	0.7853982	0.29	64
0	0.9996615	-8.9695975e-09	0	3.9954786e-19	-5.96598e-21	0	0.28	64
0	0.6680642	0.66805965	0	3.0831462e-19	-5.6384605e-21	0.7853982	0.28	64
0	0.9997451	-7.7293985e-09	0	3.9764883e-19	-5.7905236e-21	0	0.27	64
0	0.66393477	0.66393137	0	2.9747178e-19	-5.4383583e-21	0.7853982	0.27	64
0	0.99973583	-9.0807255e-09	0	3.911738e-19	-5.6305126e-21	0	0.26	64
0	0.6639795	0.6639758	0	2.917691e-19	-5.2884823e-21	0.7853982	0.26	64
0	0.999746	-8.325762e-09	0	3.8370952e-19	-5.406627e-21	0	0.25	64
0	0.6623616	0.66235846	0	2.814087e-19	-5.0657736e-21	0.7853982	0.25	64
0	0.9998578	-5.3154587e-09	0	3.8166961e-19	-5.167265e-21	0	0.24	64
0	0.6552463	0.6552449	0	2.6619574e-19	-4.788964e-21	0.7853982	0.24	64
0	0.99984676	-5.716362e-09	0	3.7704337e-19	-5.0392275e-21	0	0.23	64
0	0.654871	0.65486884	0	2.5984607e-19	-4.6676748e-21	0.7853982	0.23	64
0	0.9998419	-3.7925987e-09	0	3.7400356e-19	-4.9112233e-21	0	0.22	64
0	0.6527813	0.65277916	0	2.537893e-19	-4.534614e-21	0.7853982	0.22	64
0	0.99988014	-4.629009e-09	0	3.6844124e-19	-4.655442e-21	0	0.21	64
0	0.64764076	0.6476403	0	2.4004608e-19	-4.2644396e-21	0.7853982	0.21	64
0	0.99992305	-3.832143e-09	0	3.6414328e-19	-4.479656e-21	0	0.2	64
0	0.64380807	0.64380705	0	2.291038e-19	-4.078957e-21	0.7853982	0.2	64
0	0.99991673	-3.0118184e-09	0	3.5876635e-19	-4.3516377e-21	0	0.19	64
0	0.6439183	0.64391726	0	2.2314288e-19	-3.963093e-21	0.7853982	0.19	64
0	0.9999107	-3.7654493e-09	0	3.5134608e-19	-4.127632e-21	0	0.18	64
0	0.6414493	0.64144707	0	2.1266945e-19	-3.744693e-21	0.7853982	0.18	64
0	0.99996567	-3.855714e-09	0	3.459e-19	-3.8558677e-21	0	0.17	64
0	0.6324016	0.6324012	0	1.9540219e-19	-3.4486157e-21	0.7853982	0.17	64
0	0.99996215	-2.5731284e-09	0	3.4034046e-19	-3.7278587e-21	0	0.16	64
0	0.63289386	0.6328932	0	1.9043538e-19	-3.336733e-21	0.7853982	0.16	64
0	0.9999557	-1.865303e-09	0	3.284523e-19	-3.503844e-21	0	0.15	64
0	0.63293487	0.63293386	0	1.8086176e-19	-3.1364453e-21	0.7853982	0.15	64
0	0.99998665	-1.7417634e-09	0	3.2377933e-19	-3.2319568e-21	0	0.14	64
0	0.61872023	0.6187201	0	1.6202524e-19	-2.8280081e-21	0.7853982	0.14	64
0	0.99998575	-1.5902093e-09	0	3.1633633e-19	-3.1039563e-21	0	0.13	64
0	0.62103176	0.6210315	0	1.5786144e-19	-2.726154e-21	0.7853982	0.13	64
0	0.9999838	-1.9389619e-09	0	3.0209078e-19	-2.8799535e-21	0	0.12	64
0	0.6241327	0.6241322	0	1.5016972e-19	-2.542051e-21	0.7853982	0.12	64
0	0.9999959	-1.70413e-09	0	2.9196692e-19	-2.5439897e-21	0	0.11	64
0	0.6040776	0.6040774	0	1.2610529e-19	-2.1733254e-21	0.7853982	0.11	64
0	0.9998066	-8.691579e-09	0	2.1911014e-19	-3.247372e-21	0	1	32
0	0.70689625	0.7068962	0	2.1868784e-19	-3.2470329e-21	0.7853982	1	32
0	0.9998066	-6.723415e-09	0	2.1911011e-19	-3.247372e-21	0	0.99	32
0	0.7068963	0.7068962	0	2.1868784e-19	-3.2470325e-21	0.7853982	0.99	32
0	0.99979746	-6.301486e-09	0	2.177076e-19	-3.2153488e-21	0	0.98	32
0	0.70692164	0.70692146	0	2.1749683e-19	-3.2151581e-21	0.7853982	0.98	32
0	0.99979746	-6.5655925e-09	0	2.1770758e-19	-3.2153488e-21	0	0.97	32
0	0.70692164	0.70692164	0	2.174968e-19	-3.2151581e-21	0.7853982	0.97	32
0	0.9997966	-8.571444e-09	0	2.1626399e-19	-3.1833525e-21	0	0.96	32
0	0.70693165	0.7069316	0	2.1611867e-19	-3.183211e-21	0.7853982	0.96	32
0	0.99978226	-7.61368e-09	0	2.148388e-19	-3.1513138e-21	0	0.95	32
0	0.70696044	0.7069603	0	2.1495599e-19	-3.1513475e-21	0.7853982	0.95	32
0	0.99973404	-8.890549e-09	0	2.130868e-19	-3.1191703e-21	0	0.94	32
0	0.7069902	0.70699	0	2.1360974e-19	-3.119485e-21	0.7853982	0.94	32
0	0.99973404	-1.00821635e-08	0	2.1308682e-19	-3.1191703e-21	0	0.93	32
0	0.70699024	0.70699	0	2.1360974e-19	-3.119485e-21	0.7853982	0.93	32
0	0.99973404	-8.6159275e-09	0	2.1308682e-19	-3.1191707e-21	0	0.92	32
0	0.7069902	0.70699	0	2.1360975e-19	-3.1194853e-21	0.7853982	0.92	32
0	0.99973404	-7.2714803e-09	0	2.130868e-19	-3.11917e-21	0	0.91	32
0	0.7069902	0.70699006	0	2.1360975e-19	-3.1194847e-21	0.7853982	0.91	32
0	0.9997341	-8.379515e-09	0	2.1308686e-19	-3.1191707e-21	0	0.9	32
0	0.70699006	0.70699	0	2.1360973e-19	-3.119485e-21	0.7853982	0.9	32
0	0.9997341	-8.06191e-09	0	2.1308683e-19	-3.1191707e-21	0	0.89	32
0	0.70699024	0.70699006	0	2.1360971e-19	-3.1194853e-21	0.7853982	0.89	32
0	0.9997588	-8.162343e-09	0	2.1175146e-19	-3.087255e-21	0	0.88	32
0	0.7069836	0.70698375	0	2.1210842e-19	-3.0874625e-21	0.7853982	0.88	32
0	0.9997538	-8.0162e-09	0	2.1036561e-19	-3.0552477e-21	0	0.87	32
0	0.7070029	0.70700276	0	2.108665e-19	-3.0555503e-21	0.7853982	0.87	32
0	0.99977714	-9.313226e-09	0	2.1004005e-19	-3.039323e-21	0	0.86	32
0	0.7070172	0.7070171	0	2.105294e-19	-3.0396143e-21	0.7853982	0.86	32
0	0.99970376	-8.306796e-09	0	2.0676818e-19	-2.9751187e-21	0	0.85	32
0	0.70706093	0.7070609	0	2.07869e-19	-2.9758069e-21	0.7853982	0.85	32
0	0.99970376	-8.391917e-09	0	2.0676822e-19	-2.9751184e-21	0	0.84	32
0	0.70706093	0.7070609	0	2.0786901e-19	-2.9758069e-21	0.7853982	0.84	32
0	0.9997038	-8.11903e-09	0	2.0676819e-19	-2.9751184e-21	0	0.83	32
0	0.70706093	0.7070609	0	2.07869e-19	-2.9758069e-21	0.7853982	0.83	32
0	0.99970376	-9.150495e-09	0	2.0676817e-19	-2.975118e-21	0	0.82	32
0	0.70706093	0.70706075	0	2.0786899e-19	-2.9758069e-21	0.7853982	0.82	32
0	0.99969965	-7.97698e-09	0	2.0516594e-19	-2.9431159e-21	0	0.81	32
0	0.70706326	0.70706326	0	2.0630201e-19	-2.9438187e-21	0.7853982	0.81	32
0	0.99969965	-8.252834e-09	0	2.0516596e-19	-2.9431157e-21	0	0.8	32
0	0.70706326	0.70706326	0	2.0630201e-19	-2.9438187e-21	0.7853982	0.8	32
0	0.99969965	-7.847911e-09	0	2.0516597e-19	-2.9431159e-21	0	0.79	32
0	0.70706326	0.70706326	0	2.0630202e-19	-2.9438187e-21	0.7853982	0.79	32
0	0.9997353	-7.4198776e-09	0	2.0446576e-19	-2.9112295e-21	0	0.78	32
0	0.70708257	0.70708245	0	2.0554241e-19	-2.9119e-21	0.7853982	0.78	32
0	0.9997353	-7.1102897e-09	0	2.0446581e-19	-2.9112295e-21	0	0.77	32
0	0.70708257	0.7070824	0	2.0554241e-19	-2.9119003e-21	0.7853982	0.77	32
0	0.99973077	-8.705279e-09	0	2.0325583e-19	-2.8792247e-21	0	0.76	32
0	0.707095	0.7070949	0	2.0444188e-19	-2.8799515e-21	0.7853982	0.76	32
0	0.9996605	-5.942473e-09	0	1.9973113e-19	-2.815044e-21	0	0.75	32
0	0.70710516	0.70710516	0	2.0135406e-19	-2.8159934e-21	0.7853982	0.75	32
0	0.9996605	-7.40031e-09	0	1.9973119e-19	-2.8150437e-21	0	0.74	32
0	0.7071051	0.70710516	0	2.0135406e-19	-2.8159934e-21	0.7853982	0.74	32
0	0.9996937	-6.146729e-09	0	1.9956916e-19	-2.7991424e-21	0	0.73	32
0	0.7071053	0.70710534	0	2.0103096e-19	-2.7999945e-21	0.7853982	0.73	32
0	0.9996937	-6.0961716e-09	0	1.9956915e-19	-2.7991424e-21	0	0.72	32
0	0.70710534	0.70710534	0	2.0103096e-19	-2.7999947e-21	0.7853982	0.72	32
0	0.9996937	-5.7728693e-09	0	1.9956911e-19	-2.7991424e-21	0	0.71	32
0	0.7071053	0.70710534	0	2.0103097e-19	-2.799994e-21	0.7853982	0.71	32
0	0.9997038	-6.197602e-09	0	1.9861351e-19	-2.76718e-21	0	0.7	32
0	0.70709944	0.70709944	0	2.000184e-19	-2.7679709e-21	0.7853982	0.7	32
0	0.9997038	-6.2272103e-09	0	1.9861351e-19	-2.7671803e-21	0	0.69	32
0	0.70709944	0.70709944	0	2.0001844e-19	-2.7679713e-21	0.7853982	0.69	32
0	0.9997038	-6.6592256e-09	0	1.9861351e-19	-2.7671807e-21	0	0.68	32
0	0.7070994	0.70709944	0	2.0001842e-19	-2.7679715e-21	0.7853982	0.68	32
0	0.99970126	-5.5620655e-09	0	1.9744199e-19	-2.7351828e-21	0	0.67	32
0	0.7070882	0.7070882	0	1.9884409e-19	-2.7359284e-21	0.7853982	0.67	32
0	0.99974984	-5.4094786e-09	0	1.9544748e-19	-2.6713313e-21	0	0.66	32
0	0.707059	0.707059	0	1.965035e-19	-2.6718196e-21	0.7853982	0.66	32
0	0.9997309	-6.936942e-09	0	1.9386893e-19	-2.6392894e-21	0	0.65	32
0	0.7070398	0.70703965	0	1.949885e-19	-2.6397494e-21	0.7853982	0.65	32
0	0.99969167	-7.2377477e-09	0	1.918281e-19	-2.607196e-21	0	0.64	32
0	0.7070265	0.7070265	0	1.9311891e-19	-2.607704e-21	0.7853982	0.64	32
0	0.99969167	-7.691981e-09	0	1.9182811e-19	-2.6071957e-21	0	0.63	32
0	0.7070265	0.7070265	0	1.9311892e-19	-2.6077038e-21	0.7853982	0.63	32
0	0.9997443	-4.481253e-09	0	1.8879994e-19	-2.5273538e-21	0	0.62	32
0	0.70698315	0.7069831	0	1.8966174e-19	-2.527558e-21	0.7853982	0.62	32
0	0.9997443	-4.671349e-09	0	1.8879992e-19	-2.5273538e-21	0	0.61	32
0	0.70698303	0.70698315	0	1.8966174e-19	-2.5275578e-21	0.7853982	0.61	32
0	0.99974436	-4.879128e-09	0	1.8879994e-19	-2.5273538e-21	0	0.6	32
0	0.70698315	0.7069831	0	1.8966172e-19	-2.527558e-21	0.7853982	0.6	32
0	0.9997443	-4.649245e-09	0	1.8879993e-19	-2.5273536e-21	0	0.59	32
0	0.70698315	0.7069831	0	1.8966174e-19	-2.5275582e-21	0.7853982	0.59	32
0	0.9997545	-5.7995995e-09	0	1.8670928e-19	-2.4633952e-21	0	0.58	32
0	0.70686114	0.7068611	0	1.8717082e-19	-2.4631435e-21	0.7853982	0.58	32
0	0.9997545	-5.216011e-09	0	1.8670924e-19	-2.4633954e-21	0	0.57	32
0	0.706861	0.7068611	0	1.871708e-19	-2.4631437e-21	0.7853982	0.57	32
0	0.9997545	-5.7058624e-09	0	1.8670928e-19	-2.4633954e-21	0	0.56	32
0	0.70686114	0.70686114	0	1.8717082e-19	-2.463144e-21	0.7853982	0.56	32
0	0.99979806	-3.101304e-09	0	1.8512254e-19	-2.399515e-21	0	0.55	32
0	0.7066869	0.70668674	0	1.8485563e-19	-2.3985746e-21	0.7853982	0.55	32
0	0.999798	-3.2115106e-09	0	1.8512254e-19	-2.3995152e-21	0	0.54	32
0	0.7066868	0.70668674	0	1.8485561e-19	-2.3985746e-21	0.7853982	0.54	32
0	0.99982876	-3.193106e-09	0	1.8409383e-19	-2.3515975e-21	0	0.53	32
0	0.7064698	0.7064696	0	1.8307358e-19	-2.3498808e-21	0.7853982	0.53	32
0	0.9998168	-2.5683629e-09	0	1.8223956e-19	-2.319575e-21	0	0.52	32
0	0.70644057	0.70644045	0	1.8122276e-19	-2.3178138e-21	0.7853982	0.52	32
0	0.9998038	-2.8232752e-09	0	1.7992871e-19	-2.287551e-21	0	0.51	32
0	0.706467	0.70646685	0	1.7904202e-19	-2.2859294e-21	0.7853982	0.51	32
0	0.9998115	-3.2282548e-09	0	1.7900039e-19	-2.2555743e-21	0	0.5	32
0	0.7063227	0.70632255	0	1.7773511e-19	-2.2534985e-21	0.7853982	0.5	32
0	0.9997956	-3.628138e-09	0	1.7735568e-19	-2.2235457e-21	0	0.49	32
0	0.70620364	0.70620334	0	1.7587042e-19	-2.2211587e-21	0.7853982	0.49	32
0	0.9997956	-3.1164131e-09	0	1.7735569e-19	-2.2235457e-21	0	0.48	32
0	0.7062037	0.70620334	0	1.7587042e-19	-2.221159e-21	0.7853982	0.48	32
0	0.99982154	-3.6267196e-09	0	1.7688373e-19	-2.191609e-21	0	0.47	32
0	0.7059729	0.7059727	0	1.7474514e-19	-2.1884852e-21	0.7853982	0.47	32
0	0.99982154	-4.037997e-09	0	1.7688373e-19	-2.191609e-21	0	0.46	32
0	0.70597297	0.7059727	0	1.7474512e-19	-2.1884848e-21	0.7853982	0.46	32
0	0.9998502	-2.955705e-09	0	1.7378683e-19	-2.0956863e-21	0	0.45	32
0	0.70531404	0.70531356	0	1.7004899e-19	-2.090685e-21	0.7853982	0.45	32
0	0.99988264	-2.197563e-09	0	1.7413717e-19	-2.0797558e-21	0	0.44	32
0	0.7050171	0.70501643	0	1.6964703e-19	-2.073852e-21	0.7853982	0.44	32
0	0.99988264	-2.532481e-09	0	1.7413716e-19	-2.079756e-21	0	0.43	32
0	0.70501715	0.7050166	0	1.6964707e-19	-2.0738523e-21	0.7853982	0.43	32
0	0.9998815	-2.4865585e-09	0	1.7298628e-19	-2.0477573e-21	0	0.42	32
0	0.70474994	0.70474935	0	1.6800473e-19	-2.0411728e-21	0.7853982	0.42	32
0	0.9998815	-2.6757334e-09	0	1.7298627e-19	-2.0477573e-21	0	0.41	32
0	0.70474976	0.7047491	0	1.6800471e-19	-2.0411726e-21	0.7853982	0.41	32
0	0.99987304	-4.3426733e-09	0	1.6843028e-19	-1.9517524e-21	0	0.4	32
0	0.7041497	0.7041487	0	1.623302e-19	-1.9438355e-21	0.7853982	0.4	32
0	0.9998731	-4.5115707e-09	0	1.6843028e-19	-1.9517522e-21	0	0.39	32
0	0.70414984	0.7041485	0	1.623302e-19	-1.9438355e-21	0.7853982	0.39	32
0	0.9998937	-2.9957543e-09	0	1.6805129e-19	-1.919796e-21	0	0.38	32
0	0.703594	0.70359325	0	1.6096723e-19	-1.9104607e-21	0.7853982	0.38	32
0	0.999925	-3.0313938e-09	0	1.6382171e-19	-1.8238634e-21	0	0.37	32
0	0.7030525	0.7030519	0	1.5584056e-19	-1.8135412e-21	0.7853982	0.37	32
0	0.9999438	-2.8233338e-09	0	1.6136125e-19	-1.7759002e-21	0	0.36	32
0	0.7027115	0.7027105	0	1.5278993e-19	-1.7649595e-21	0.7853982	0.36	32
0	0.99993867	-2.4778306e-09	0	1.592178e-19	-1.743893e-21	0	0.35	32
0	0.7025845	0.7025837	0	1.5034924e-19	-1.7328452e-21	0.7853982	0.35	32
0	0.99993455	-2.9876306e-09	0	1.5774076e-19	-1.711888e-21	0	0.34	32
0	0.70219684	0.7021956	0	1.4828955e-19	-1.7001106e-21	0.7853982	0.34	32
0	0.9999339	-2.663139e-09	0	1.5657993e-19	-1.679889e-21	0	0.33	32
0	0.7017002	0.701699	0	1.4647792e-19	-1.6671531e-21	0.7853982	0.33	32
0	0.99993396	-2.5938443e-09	0	1.5657993e-19	-1.679889e-21	0	0.32	32
0	0.7016989	0.70169806	0	1.464779e-19	-1.6671505e-21	0.7853982	0.32	32
0	0.99993354	-2.3640379e-09	0	1.5377728e-19	-1.6158927e-21	0	0.31	32
0	0.70080173	0.70080036	0	1.4244621e-19	-1.6015891e-21	0.7853982	0.31	32
0	0.99994606	-2.1078228e-09	0	1.5330021e-19	-1.5839146e-21	0	0.3	32
0	0.69974595	0.6997448	0	1.4071602e-19	-1.5675097e-21	0.7853982	0.3	32
0	0.9999776	-2.3855853e-09	0	1.5092758e-19	-1.5039665e-21	0	0.29	32
0	0.69712496	0.69712424	0	1.352823e-19	-1.4827681e-21	0.7853982	0.29	32
0	0.99997526	-2.284018e-09	0	1.4899296e-19	-1.4719635e-21	0	0.28	32
0	0.69675446	0.69675344	0	1.328131e-19	-1.4504486e-21	0.7853982	0.28	32
0	0.9999727	-2.4691367e-09	0	1.4729608e-19	-1.4399606e-21	0	0.27	32
0	0.69625986	0.6962587	0	1.3057805e-19	-1.4179093e-21	0.7853982	0.27	32
0	0.9999727	-2.5853903e-09	0	1.4729609e-19	-1.4399606e-21	0	0.26	32
0	0.69626004	0.6962589	0	1.3057807e-19	-1.4179098e-21	0.7853982	0.26	32
0	0.99996966	-2.0460669e-09	0	1.433462e-19	-1.3759583e-21	0	0.25	32
0	0.6957102	0.6957094	0	1.2596334e-19	-1.353822e-21	0.7853982	0.25	32
0	0.99996877	-1.7198978e-09	0	1.4203648e-19	-1.343958e-21	0	0.24	32
0	0.6947032	0.69470185	0	1.23815e-19	-1.3204233e-21	0.7853982	0.24	32
0	0.9999765	-2.005254e-09	0	1.4029752e-19	-1.2799699e-21	0	0.23	32
0	0.6912057	0.6912048	0	1.1935229e-19	-1.2512151e-21	0.7853982	0.23	32
0	0.9999928	-1.7789218e-09	0	1.3411439e-19	-1.1679917e-21	0	0.22	32
0	0.6873314	0.6873309	0	1.1024562e-19	-1.1353345e-21	0.7853982	0.22	32
0	0.9999928	-1.7801178e-09	0	1.3411439e-19	-1.1679917e-21	0	0.21	32
0	0.6873315	0.687331	0	1.1024564e-19	-1.1353348e-21	0.7853982	0.21	32
0	0.9999924	-1.3502538e-09	0	1.3178519e-19	-1.1359913e-21	0	0.2	32
0	0.6872818	0.68728155	0	1.07815684e-19	-1.1041502e-21	0.7853982	0.2	32
0	0.9999917	-1.4783902e-09	0	1.2961943e-19	-1.1039908e-21	0	0.19	32
0	0.68692946	0.6869289	0	1.05454154e-19	-1.0724971e-21	0.7853982	0.19	32
0	0.999991	-1.5455437e-09	0	1.2760269e-19	-1.0719903e-21	0	0.18	32
0	0.68614274	0.68614197	0	1.0306251e-19	-1.0402172e-21	0.7853982	0.18	32
0	0.9999895	-1.4141599e-09	0	1.2059439e-19	-9.759897e-22	0	0.17	32
0	0.6844406	0.6844401	0	9.557442e-20	-9.447142e-22	0.7853982	0.17	32
0	0.9999966	-7.3288736e-10	0	1.1683637e-19	-8.79997e-22	0	0.16	32
0	0.67283404	0.67283374	0	8.612757e-20	-8.3734705e-22	0.7853982	0.16	32
0	0.9999986	-4.4215434e-10	0	1.131227e-19	-8.3199885e-22	0	0.15	32
0	0.67090046	0.6709003	0	8.1871106e-20	-7.893986e-22	0.7853982	0.15	32
0	0.9999986	-4.0017767e-10	0	1.131227e-19	-8.319989e-22	0	0.14	32
0	0.670901	0.67090076	0	8.187109e-20	-7.8939915e-22	0.7853982	0.14	32
0	0.99999857	-3.2712705e-10	0	1.098613e-19	-7.999989e-22	0	0.13	32
0	0.6726551	0.67265487	0	7.991363e-20	-7.6102217e-22	0.7853982	0.13	32
0	0.9999985	-4.5047668e-10	0	1.0141889e-19	-7.359989e-22	0	0.12	32
0	0.6792475	0.6792473	0	7.718221e-20	-7.070023e-22	0.7853982	0.12	32
0	0.99999845	-6.8203443e-10	0	9.5245854e-20	-6.719991e-22	0	0.11	32
0	0.6800269	0.6800268	0	7.240062e-20	-6.4626454e-22	0.7853982	0.11	32
0	0.9999965	-6.932868e-09	0	8.533058e-20	-8.319972e-22	0	1	16
0	0.7070941	0.70709413	0	8.5276486e-20	-8.31985e-22	0.7853982	1	16
0	0.99999654	-6.604331e-09	0	8.533058e-20	-8.319972e-22	0	0.99	16
0	0.7070941	0.7070941	0	8.527648e-20	-8.31985e-22	0.7853982	0.99	16
0	0.99999654	-7.147789e-09	0	8.533058e-20	-8.319972e-22	0	0.98	16
0	0.7070941	0.7070941	0	8.527647e-20	-8.31985e-22	0.7853982	0.98	16
0	0.99999654	-7.022978e-09	0	8.533058e-20	-8.319972e-22	0	0.97	16
0	0.7070941	0.70709413	0	8.527648e-20	-8.3198507e-22	0.7853982	0.97	16
0	0.999994	-6.8731607e-09	0	8.312082e-20	-7.9999523e-22	0	0.96	16
0	0.70710313	0.70710313	0	8.312893e-20	-7.9999594e-22	0.7853982	0.96	16
0	0.99999404	-6.1758327e-09	0	8.312082e-20	-7.9999533e-22	0	0.95	16
0	0.70710313	0.70710313	0	8.312893e-20	-7.9999583e-22	0.7853982	0.95	16
0	0.99998647	-7.0656974e-09	0	8.1864036e-20	-7.8398935e-22	0	0.94	16
0	0.7071058	0.7071058	0	8.1916316e-20	-7.83999e-22	0.7853982	0.94	16
0	0.99998647	-6.6618076e-09	0	8.1864036e-20	-7.8398935e-22	0	0.93	16
0	0.7071058	0.7071058	0	8.191631e-20	-7.83999e-22	0.7853982	0.93	16
0	0.99998647	-6.774659e-09	0	8.1864036e-20	-7.8398935e-22	0	0.92	16
0	0.7071058	0.70710593	0	8.191631e-20	-7.839989e-22	0.7853982	0.92	16
0	0.99998647	-6.480057e-09	0	8.1864036e-20	-7.8398935e-22	0	0.91	16
0	0.7071058	0.7071058	0	8.191631e-20	-7.83999e-22	0.7853982	0.91	16
0	0.99998647	-6.8756316e-09	0	8.1864036e-20	-7.8398935e-22	0	0.9	16
0	0.7071058	0.7071058	0	8.1916316e-20	-7.83999e-22	0.7853982	0.9	16
0	0.99998915	-5.2337357e-09	0	7.9427214e-20	-7.519919e-22	0	0.89	16
0	0.70710605	0.70710605	0	7.9467306e-20	-7.519993e-22	0.7853982	0.89	16
0	0.99998915	-5.280797e-09	0	7.942722e-20	-7.519919e-22	0	0.88	16
0	0.70710605	0.70710605	0	7.9467306e-20	-7.519992e-22	0.7853982	0.88	16
0	0.99998915	-5.2362124e-09	0	7.9427214e-20	-7.519919e-22	0	0.87	16
0	0.70710605	0.70710605	0	7.946729e-20	-7.519992e-22	0.7853982	0.87	16
0	0.99998915	-5.3625357e-09	0	7.942722e-20	-7.519919e-22	0	0.86	16
0	0.70710605	0.70710605	0	7.9467306e-20	-7.519993e-22	0.7853982	0.86	16
0	0.99998915	-5.34272e-09	0	7.942722e-20	-7.519919e-22	0	0.85	16
0	0.70710605	0.70710605	0	7.9467306e-20	-7.519993e-22	0.7853982	0.85	16
0	0.99998915	-5.446751e-09	0	7.9427214e-20	-7.519919e-22	0	0.84	16
0	0.70710605	0.70710605	0	7.946731e-20	-7.519993e-22	0.7853982	0.84	16
0	0.99998915	-5.3526277e-09	0	7.9427214e-20	-7.519919e-22	0	0.83	16
0	0.70710605	0.70710605	0	7.9467306e-20	-7.519993e-22	0.7853982	0.83	16
0	0.99998915	-5.3625357e-09	0	7.9427214e-20	-7.519919e-22	0	0.82	16
0	0.70710605	0.70710605	0	7.9467306e-20	-7.519993e-22	0.7853982	0.82	16
0	0.99998915	-5.221351e-09	0	7.9427214e-20	-7.519919e-22	0	0.81	16
0	0.70710605	0.70710605	0	7.946731e-20	-7.519993e-22	0.7853982	0.81	16
0	0.99998915	-5.446751e-09	0	7.9427214e-20	-7.519919e-22	0	0.8	16
0	0.70710605	0.70710605	0	7.946731e-20	-7.519993e-22	0.7853982	0.8	16
0	0.99998915	-5.4863816e-09	0	7.9427214e-20	-7.519919e-22	0	0.79	16
0	0.70710605	0.70710605	0	7.9467306e-20	-7.519992e-22	0.7853982	0.79	16
0	0.99998915	-5.196582e-09	0	7.942722e-20	-7.519919e-22	0	0.78	16
0	0.70710605	0.70710605	0	7.9467306e-20	-7.519993e-22	0.7853982	0.78	16
0	0.9999911	-3.1807252e-09	0	7.74926e-20	-7.199936e-22	0	0.77	16
0	0.7071035	0.7071035	0	7.752515e-20	-7.1999666e-22	0.7853982	0.77	16
0	0.9999911	-3.24152e-09	0	7.7492606e-20	-7.199936e-22	0	0.76	16
0	0.7071035	0.7071035	0	7.752515e-20	-7.1999655e-22	0.7853982	0.76	16
0	0.9999791	-5.1899574e-09	0	7.485722e-20	-6.879856e-22	0	0.75	16
0	0.70709515	0.7070952	0	7.49117e-20	-6.879887e-22	0.7853982	0.75	16
0	0.9999791	-4.992322e-09	0	7.485723e-20	-6.879856e-22	0	0.74	16
0	0.70709515	0.70709515	0	7.49117e-20	-6.8798874e-22	0.7853982	0.74	16
0	0.9999791	-5.26847e-09	0	7.485722e-20	-6.879856e-22	0	0.73	16
0	0.70709515	0.7070952	0	7.49117e-20	-6.879887e-22	0.7853982	0.73	16
0	0.9999791	-5.2305675e-09	0	7.485723e-20	-6.879856e-22	0	0.72	16
0	0.70709515	0.7070952	0	7.49117e-20	-6.879887e-22	0.7853982	0.72	16
0	0.9999791	-5.257641e-09	0	7.485722e-20	-6.879856e-22	0	0.71	16
0	0.70709515	0.70709515	0	7.49117e-20	-6.879887e-22	0.7853982	0.71	16
0	0.9999791	-5.3686415e-09	0	7.485723e-20	-6.879856e-22	0	0.7	16
0	0.70709515	0.70709515	0	7.49117e-20	-6.8798874e-22	0.7853982	0.7	16
0	0.9999791	-5.3605196e-09	0	7.485722e-20	-6.879856e-22	0	0.69	16
0	0.70709515	0.70709515	0	7.49117e-20	-6.879887e-22	0.7853982	0.69	16
0	0.99998564	-4.90746e-09	0	7.407458e-20	-6.719904e-22	0	0.68	16
0	0.7070781	0.7070781	0	7.4047845e-20	-6.719727e-22	0.7853982	0.68	16
0	0.99998564	-5.191569e-09	0	7.4074586e-20	-6.719903e-22	0	0.67	16
0	0.7070781	0.7070781	0	7.404784e-20	-6.719727e-22	0.7853982	0.67	16
0	0.99998564	-5.0959423e-09	0	7.4074586e-20	-6.719904e-22	0	0.66	16
0	0.70707804	0.7070781	0	7.404784e-20	-6.719727e-22	0.7853982	0.66	16
0	0.99998564	-5.098714e-09	0	7.407458e-20	-6.719904e-22	0	0.65	16
0	0.7070781	0.7070781	0	7.404784e-20	-6.719727e-22	0.7853982	0.65	16
0	0.99998564	-5.1971125e-09	0	7.407458e-20	-6.719903e-22	0	0.64	16
0	0.70707804	0.7070781	0	7.404784e-20	-6.719727e-22	0.7853982	0.64	16
0	0.99998564	-5.101486e-09	0	7.407458e-20	-6.719904e-22	0	0.63	16
0	0.7070781	0.7070781	0	7.404785e-20	-6.719728e-22	0.7853982	0.63	16
0	0.99998564	-5.3163e-09	0	7.407458e-20	-6.719903e-22	0	0.62	16
0	0.7070781	0.70707804	0	7.4047845e-20	-6.719727e-22	0.7853982	0.62	16
0	0.99998564	-4.82985e-09	0	7.407458e-20	-6.719903e-22	0	0.61	16
0	0.70707804	0.7070781	0	7.404785e-20	-6.719727e-22	0.7853982	0.61	16
0	0.9999838	-5.4365956e-09	0	7.2010486e-20	-6.399897e-22	0	0.6	16
0	0.70703477	0.70703477	0	7.188223e-20	-6.3993487e-22	0.7853982	0.6	16
0	0.9999838	-5.5471903e-09	0	7.2010486e-20	-6.399897e-22	0	0.59	16
0	0.70703477	0.7070348	0	7.188223e-20	-6.399349e-22	0.7853982	0.59	16
0	0.9999838	-5.8673324e-09	0	7.2010486e-20	-6.399897e-22	0	0.58	16
0	0.7070348	0.70703477	0	7.188223e-20	-6.399349e-22	0.7853982	0.58	16
0	0.9999838	-4.871981e-09	0	7.201049e-20	-6.399897e-22	0	0.57	16
0	0.7070348	0.70703477	0	7.188222e-20	-6.3993487e-22	0.7853982	0.57	16
0	0.9999838	-4.9185473e-09	0	7.201049e-20	-6.399897e-22	0	0.56	16
0	0.70703477	0.7070349	0	7.188222e-20	-6.399348e-22	0.7853982	0.56	16
0	0.9999838	-5.92554e-09	0	7.2010486e-20	-6.399897e-22	0	0.55	16
0	0.70703477	0.7070348	0	7.188222e-20	-6.399349e-22	0.7853982	0.55	16
0	0.9999838	-4.778849e-09	0	7.2010486e-20	-6.399897e-22	0	0.54	16
0	0.70703477	0.7070349	0	7.188222e-20	-6.399348e-22	0.7853982	0.54	16
0	0.9999809	-3.941952e-09	0	6.627427e-20	-5.7598907e-22	0	0.53	16
0	0.707041	0.707041	0	6.61491e-20	-5.7594636e-22	0.7853982	0.53	16
0	0.9999872	-3.8382817e-09	0	6.438436e-20	-5.4399303e-22	0	0.52	16
0	0.70694685	0.70694685	0	6.402598e-20	-5.4387696e-22	0.7853982	0.52	16
0	0.9999872	-3.6978984e-09	0	6.438436e-20	-5.4399303e-22	0	0.51	16
0	0.70694685	0.70694685	0	6.4025977e-20	-5.43877e-22	0.7853982	0.51	16
0	0.9999872	-3.8588257e-09	0	6.438436e-20	-5.4399303e-22	0	0.5	16
0	0.70694685	0.7069469	0	6.4025977e-20	-5.4387696e-22	0.7853982	0.5	16
0	0.9999872	-3.8348578e-09	0	6.438436e-20	-5.4399303e-22	0	0.49	16
0	0.7069469	0.70694685	0	6.4025977e-20	-5.4387696e-22	0.7853982	0.49	16
0	0.9999935	-3.0885339e-09	0	6.3734984e-20	-5.2799665e-22	0	0.48	16
0	0.7068484	0.7068484	0	6.316955e-20	-5.27807e-22	0.7853982	0.48	16
0	0.9999935	-3.2014214e-09	0	6.3734984e-20	-5.2799665e-22	0	0.47	16
0	0.7068484	0.7068484	0	6.316955e-20	-5.27807e-22	0.7853982	0.47	16
0	0.9999935	-3.70236e-09	0	6.3734984e-20	-5.2799665e-22	0	0.46	16
0	0.7068484	0.70684844	0	6.316955e-20	-5.27807e-22	0.7853982	0.46	16
0	0.9999935	-3.1555607e-09	0	6.3734984e-20	-5.2799665e-22	0	0.45	16
0	0.7068484	0.7068484	0	6.316955e-20	-5.2780707e-22	0.7853982	0.45	16
0	0.9999935	-3.176727e-09	0	6.3734984e-20	-5.2799665e-22	0	0.44	16
0	0.7068484	0.7068484	0	6.316954e-20	-5.27807e-22	0.7853982	0.44	16
0	0.99999064	-3.1657457e-09	0	6.116687e-20	-4.959954e-22	0	0.43	16
0	0.70673823	0.70673823	0	6.041435e-20	-4.9574155e-22	0.7853982	0.43	16
0	0.9999907	-3.1732563e-09	0	6.1166866e-20	-4.959954e-22	0	0.42	16
0	0.70673835	0.70673835	0	6.041435e-20	-4.9574155e-22	0.7853982	0.42	16
0	0.99999064	-3.1901553e-09	0	6.116687e-20	-4.959954e-22	0	0.41	16
0	0.7067383	0.70673835	0	6.041435e-20	-4.9574155e-22	0.7853982	0.41	16
0	0.99999064	-3.0943943e-09	0	6.116687e-20	-4.959954e-22	0	0.4	16
0	0.70673835	0.70673823	0	6.0414344e-20	-4.9574155e-22	0.7853982	0.4	16
0	0.99999064	-2.9967557e-09	0	6.116687e-20	-4.959954e-22	0	0.39	16
0	0.70673823	0.70673823	0	6.0414344e-20	-4.9574155e-22	0.7853982	0.39	16
0	0.99999064	-3.1338254e-09	0	6.116687e-20	-4.959954e-22	0	0.38	16
0	0.70673823	0.70673823	0	6.041435e-20	-4.957415e-22	0.7853982	0.38	16
0	0.9999907	-2.2801345e-09	0	5.9067514e-20	-4.6399577e-22	0	0.37	16
0	0.7065061	0.706506	0	5.7998835e-20	-4.6360585e-22	0.7853982	0.37	16
0	0.9999907	-2.7498102e-09	0	5.9067514e-20	-4.6399577e-22	0	0.36	16
0	0.70650613	0.70650613	0	5.7998835e-20	-4.6360585e-22	0.7853982	0.36	16
0	0.9999907	-2.2580557e-09	0	5.906751e-20	-4.6399577e-22	0	0.35	16
0	0.70650613	0.70650613	0	5.799884e-20	-4.6360585e-22	0.7853982	0.35	16
0	0.99999565	-1.7004183e-09	0	5.734742e-20	-4.319981e-22	0	0.34	16
0	0.70600694	0.70600694	0	5.5733704e-20	-4.313281e-22	0.7853982	0.34	16
0	0.99999565	-1.7696746e-09	0	5.734742e-20	-4.319981e-22	0	0.33	16
0	0.706007	0.70600694	0	5.57337e-20	-4.313281e-22	0.7853982	0.33	16
0	0.9999984	-1.2987584e-09	0	5.3144393e-20	-3.8399936e-22	0	0.32	16
0	0.7055493	0.7055493	0	5.1104782e-20	-3.831542e-22	0.7853982	0.32	16
0	0.9999983	-1.1835558e-09	0	5.3144393e-20	-3.8399936e-22	0	0.31	16
0	0.7055493	0.7055494	0	5.1104785e-20	-3.831542e-22	0.7853982	0.31	16
0	0.9999984	-1.2890572e-09	0	5.3144393e-20	-3.8399936e-22	0	0.3	16
0	0.7055493	0.7055494	0	5.1104782e-20	-3.831542e-22	0.7853982	0.3	16
0	0.9999983	-1.1726419e-09	0	5.3144393e-20	-3.8399936e-22	0	0.29	16
0	0.7055493	0.7055494	0	5.1104782e-20	-3.8315426e-22	0.7853982	0.29	16
0	0.9999983	-1.2308495e-09	0	5.3144393e-20	-3.8399936e-22	0	0.28	16
0	0.7055494	0.7055494	0	5.110479e-20	-3.831542e-22	0.7853982	0.28	16
0	0.9999983	-1.1823431e-09	0	5.3144393e-20	-3.8399936e-22	0	0.27	16
0	0.7055494	0.7055493	0	5.110478e-20	-3.8315418e-22	0.7853982	0.27	16
0	0.9999983	-1.2478267e-09	0	5.3144393e-20	-3.8399936e-22	0	0.26	16
0	0.7055493	0.7055493	0	5.1104782e-20	-3.831542e-22	0.7853982	0.26	16
0	0.99999803	-1.2594021e-09	0	4.994679e-20	-3.5199933e-22	0	0.25	16
0	0.7053965	0.7053966	0	4.779665e-20	-3.511486e-22	0.7853982	0.25	16
0	0.9999981	-1.2832143e-09	0	4.994679e-20	-3.5199933e-22	0	0.24	16
0	0.7053966	0.7053966	0	4.7796654e-20	-3.5114867e-22	0.7853982	0.24	16
0	0.9999981	-1.2236838e-09	0	4.994679e-20	-3.5199933e-22	0	0.23	16
0	0.7053966	0.70539653	0	4.7796654e-20	-3.5114862e-22	0.7853982	0.23	16
0	0.99999774	-1.2412784e-09	0	4.700702e-20	-3.199993e-22	0	0.22	16
0	0.70486456	0.70486444	0	4.4567202e-20	-3.1898526e-22	0.7853982	0.22	16
0	0.99999774	-1.1248631e-09	0	4.700702e-20	-3.1999927e-22	0	0.21	16
0	0.7048645	0.7048644	0	4.4567205e-20	-3.1898529e-22	0.7853982	0.21	16
0	0.99999785	-1.2255946e-09	0	4.4287127e-20	-2.8799938e-22	0	0.2	16
0	0.70365494	0.70365494	0	4.130008e-20	-2.8659405e-22	0.7853982	0.2	16
0	0.9999998	-4.5013923e-10	0	4.0402916e-20	-2.3999996e-22	0	0.19	16
0	0.69874305	0.6987432	0	3.584674e-20	-2.371613e-22	0.7853982	0.19	16
0	0.99999976	-5.3551047e-10	0	4.0402923e-20	-2.3999996e-22	0	0.18	16
0	0.6987429	0.6987429	0	3.5846738e-20	-2.371612e-22	0.7853982	0.18	16
0	0.99999976	-2.7984454e-10	0	3.5070726e-20	-2.0799996e-22	0	0.17	16
0	0.7025315	0.7025314	0	3.229701e-20	-2.0665414e-22	0.7853982	0.17	16
0	0.9999999	-3.2461964e-10	0	3.5070726e-20	-2.0799996e-22	0	0.16	16
0	0.70253146	0.7025314	0	3.2297012e-20	-2.0665412e-22	0.7853982	0.16	16
0	0.99999976	-3.223809e-10	0	3.5070726e-20	-2.0799996e-22	0	0.15	16
0	0.7025312	0.70253116	0	3.229701e-20	-2.0665407e-22	0.7853982	0.15	16
0	0.99999976	-2.7984454e-10	0	3.5070726e-20	-2.0799996e-22	0	0.14	16
0	0.7025314	0.7025314	0	3.2297012e-20	-2.0665412e-22	0.7853982	0.14	16
0	0.99999976	-3.2461964e-10	0	3.5070726e-20	-2.0799996e-22	0	0.13	16
0	0.7025314	0.7025314	0	3.2297012e-20	-2.0665412e-22	0.7853982	0.13	16
0	0.99999976	-2.7984454e-10	0	3.5070726e-20	-2.0799996e-22	0	0.12	16
0	0.7025312	0.7025312	0	3.229701e-20	-2.0665407e-22	0.7853982	0.12	16
0	0.99999976	-2.6865074e-10	0	3.5070726e-20	-2.0799996e-22	0	0.11	16
0	0.7025312	0.7025312	0	3.2297005e-20	-2.0665407e-22	0.7853982	0.11	16
