# t (s)	mx ()	my ()	mz ()	E_total (J)	E_Zeeman (J)	Angle (rad)	Roundness ()	Size (nm)	Cell_size (m)	Volume (m^3)
0	0.9931168	1.5830114e-09	0	6.0885187e-19	-3.1223594e-19	0	1	100	1e-09	3.93e-23
0	0.70159656	0.701585	0	6.014076e-19	-3.1194746e-19	0.7853982	1	100	1e-09	3.93e-23
0	0.99339205	2.3921922e-09	0	6.037625e-19	-3.0469325e-19	0	1	99	1e-09	3.834e-23
0	0.70166636	0.70165646	0	5.948985e-19	-3.0435798e-19	0.7853982	1	99	1e-09	3.834e-23
0	0.99349827	7.251399e-09	0	6.009938e-19	-3.002749e-19	0	1	98	1e-09	3.778e-23
0	0.7017483	0.70173675	0	5.9223836e-19	-2.9994712e-19	0.7853982	1	98	1e-09	3.778e-23
0	0.9937114	-1.4156912e-10	0	5.951347e-19	-2.9286658e-19	0	1	97	1e-09	3.684e-23
0	0.70180833	0.7018014	0	5.85507e-19	-2.9251014e-19	0.7853982	1	97	1e-09	3.684e-23
0	0.9936326	1.0879166e-09	0	5.89381e-19	-2.8743805e-19	0	1	96	1e-09	3.616e-23
0	0.7020567	0.70204717	0	5.8346317e-19	-2.87212e-19	0.7853982	1	96	1e-09	3.616e-23
0	0.9940586	-4.2093677e-12	0	5.867279e-19	-2.8151738e-19	0	1	95	1e-09	3.54e-23
0	0.7019947	0.7019857	0	5.7654546e-19	-2.8115078e-19	0.7853982	1	95	1e-09	3.54e-23
0	0.9939776	5.509655e-09	0	5.8094807e-19	-2.7624625e-19	0	1	94	1e-09	3.474e-23
0	0.7022206	0.7022089	0	5.7423633e-19	-2.7599724e-19	0.7853982	1	94	1e-09	3.474e-23
0	0.99429953	1.775729e-09	0	5.76081e-19	-2.6933588e-19	0	1	93	1e-09	3.386e-23
0	0.7022406	0.7022315	0	5.6698754e-19	-2.690141e-19	0.7853982	1	93	1e-09	3.386e-23
0	0.9943267	2.1900326e-09	0	5.722505e-19	-2.652068e-19	0	1	92	1e-09	3.334e-23
0	0.7024233	0.702416	0	5.651893e-19	-2.6495205e-19	0.7853982	1	92	1e-09	3.334e-23
0	0.9946852	1.6903907e-09	0	5.672329e-19	-2.581407e-19	0	1	91	1e-09	3.244e-23
0	0.7023931	0.7023851	0	5.5689397e-19	-2.577885e-19	0.7853982	1	91	1e-09	3.244e-23
0	0.9945315	6.9527846e-09	0	5.6132233e-19	-2.5364527e-19	0	1	90	1e-09	3.188e-23
0	0.7026712	0.70266336	0	5.55547e-19	-2.534388e-19	0.7853982	1	90	1e-09	3.188e-23
0	0.99480903	3.7252903e-09	0	5.545766e-19	-2.4591682e-19	0	1	89	1e-09	3.09e-23
0	0.7027151	0.70270663	0	5.4713593e-19	-2.4566323e-19	0.7853982	1	89	1e-09	3.09e-23
0	0.99487764	5.4766414e-09	0	5.5157024e-19	-2.4243177e-19	0	1	88	1e-09	3.046e-23
0	0.70282924	0.7028215	0	5.449372e-19	-2.4220456e-19	0.7853982	1	88	1e-09	3.046e-23
0	0.9951667	4.3818065e-09	0	5.4576777e-19	-2.358147e-19	0	1	87	1e-09	2.962e-23
0	0.7028502	0.7028421	0	5.371632e-19	-2.355322e-19	0.7853982	1	87	1e-09	2.962e-23
0	0.995056	2.083289e-09	0	5.3970655e-19	-2.3117144e-19	0	1	86	1e-09	2.904e-23
0	0.7031033	0.7030948	0	5.3481616e-19	-2.3100327e-19	0.7853982	1	86	1e-09	2.904e-23
0	0.9954925	7.5768614e-10	0	5.360836e-19	-2.255388e-19	0	1	85	1e-09	2.832e-23
0	0.70303625	0.70302945	0	5.27208e-19	-2.252547e-19	0.7853982	1	85	1e-09	2.832e-23
0	0.9954408	-2.588351e-09	0	5.3014874e-19	-2.2074894e-19	0	1	84	1e-09	2.772e-23
0	0.70325893	0.70325154	0	5.2408773e-19	-2.2055207e-19	0.7853982	1	84	1e-09	2.772e-23
0	0.99567354	1.3606851e-09	0	5.239555e-19	-2.1458756e-19	0	1	83	1e-09	2.694e-23
0	0.70331424	0.7033089	0	5.1684793e-19	-2.1436326e-19	0.7853982	1	83	1e-09	2.694e-23
0	0.9956261	7.42238e-09	0	5.185505e-19	-2.1043552e-19	0	1	82	1e-09	2.642e-23
0	0.7035208	0.70351386	0	5.1398987e-19	-2.1028704e-19	0.7853982	1	82	1e-09	2.642e-23
0	0.99600446	2.087322e-09	0	5.1397596e-19	-2.0477853e-19	0	1	81	1e-09	2.57e-23
0	0.7034829	0.7034769	0	5.0634564e-19	-2.0454542e-19	0.7853982	1	81	1e-09	2.57e-23
0	0.9959043	-6.1396105e-10	0	5.0733913e-19	-2.0013694e-19	0	1	80	1e-09	2.512e-23
0	0.70369804	0.7036922	0	5.026678e-19	-1.9999038e-19	0.7853982	1	80	1e-09	2.512e-23
0	0.99614537	1.1760051e-09	0	5.0077845e-19	-1.9412878e-19	0	1	79	1e-09	2.436e-23
0	0.7037311	0.7037264	0	4.9478667e-19	-1.93949e-19	0.7853982	1	79	1e-09	2.436e-23
0	0.99623436	3.1080365e-09	0	4.9744316e-19	-1.909582e-19	0	1	78	1e-09	2.396e-23
0	0.7038406	0.70383525	0	4.919482e-19	-1.9079393e-19	0.7853982	1	78	1e-09	2.396e-23
0	0.99647343	4.4472457e-09	0	4.907901e-19	-1.8510491e-19	0	1	77	1e-09	2.322e-23
0	0.7038649	0.70385903	0	4.8393426e-19	-1.8490757e-19	0.7853982	1	77	1e-09	2.322e-23
0	0.9963829	2.4573155e-09	0	4.8493877e-19	-1.8126196e-19	0	1	76	1e-09	2.274e-23
0	0.7040942	0.7040895	0	4.8100056e-19	-1.8114433e-19	0.7853982	1	76	1e-09	2.274e-23
0	0.99671686	5.469511e-09	0	4.7903275e-19	-1.7558162e-19	0	1	75	1e-09	2.202e-23
0	0.7041093	0.70410556	0	4.7305937e-19	-1.7541276e-19	0.7853982	1	75	1e-09	2.202e-23
0	0.9967262	3.4621657e-09	0	4.735825e-19	-1.7159636e-19	0	1	74	1e-09	2.152e-23
0	0.70425516	0.70425075	0	4.6893345e-19	-1.7146518e-19	0.7853982	1	74	1e-09	2.152e-23
0	0.99696314	5.2386895e-09	0	4.665161e-19	-1.6589466e-19	0	1	73	1e-09	2.08e-23
0	0.70428735	0.7042827	0	4.60624e-19	-1.6573595e-19	0.7853982	1	73	1e-09	2.08e-23
0	0.9968432	6.404563e-09	0	4.5981414e-19	-1.6188731e-19	0	1	72	1e-09	2.03e-23
0	0.7045207	0.7045157	0	4.569902e-19	-1.6180548e-19	0.7853982	1	72	1e-09	2.03e-23
0	0.9972275	-4.056217e-09	0	4.549743e-19	-1.5716306e-19	0	1	71	1e-09	1.97e-23
0	0.70444417	0.70442873	0	4.4886444e-19	-1.5700483e-19	0.7853982	1	71	1e-09	1.97e-23
0	0.9971286	-3.135356e-09	0	4.489289e-19	-1.5363758e-19	0	1	70	1e-09	1.926e-23
0	0.7046424	0.70463777	0	4.4537865e-19	-1.5354247e-19	0.7853982	1	70	1e-09	1.926e-23
0	0.9973607	-1.1416212e-09	0	4.419077e-19	-1.4840728e-19	0	1	69	1e-09	1.86e-23
0	0.7046627	0.70466036	0	4.37079e-19	-1.4828542e-19	0.7853982	1	69	1e-09	1.86e-23
0	0.99738795	1.4389445e-09	0	4.372265e-19	-1.4521967e-19	0	1	68	1e-09	1.82e-23
0	0.70483327	0.70483005	0	4.3385856e-19	-1.4513151e-19	0.7853982	1	68	1e-09	1.82e-23
0	0.99766135	2.5563638e-09	0	4.3038947e-19	-1.4015147e-19	0	1	67	1e-09	1.756e-23
0	0.7047877	0.7047844	0	4.2484526e-19	-1.4001894e-19	0.7853982	1	67	1e-09	1.756e-23
0	0.9975405	5.04367e-09	0	4.245807e-19	-1.3710196e-19	0	1	66	1e-09	1.718e-23
0	0.704996	0.70499235	0	4.2169027e-19	-1.3702938e-19	0.7853982	1	66	1e-09	1.718e-23
0	0.99778086	8.8955415e-10	0	4.167375e-19	-1.3170707e-19	0	1	65	1e-09	1.65e-23
0	0.70502436	0.7050217	0	4.1262698e-19	-1.3161099e-19	0.7853982	1	65	1e-09	1.65e-23
0	0.9978069	1.3987149e-09	0	4.1218338e-19	-1.2883683e-19	0	1	64	1e-09	1.614e-23
0	0.705167	0.70516396	0	4.0920423e-19	-1.2876549e-19	0.7853982	1	64	1e-09	1.614e-23
0	0.99800223	2.4420144e-09	0	4.0378493e-19	-1.235926e-19	0	1	63	1e-09	1.548e-23
0	0.7051741	0.7051712	0	3.996878e-19	-1.2350126e-19	0.7853982	1	63	1e-09	1.548e-23
0	0.9979029	-1.2466911e-09	0	3.9807522e-19	-1.2070634e-19	0	1	62	1e-09	1.512e-23
0	0.7053739	0.7053714	0	3.9631854e-19	-1.2066333e-19	0.7853982	1	62	1e-09	1.512e-23
0	0.9982452	4.0028962e-09	0	3.9189592e-19	-1.162756e-19	0	1	61	1e-09	1.456e-23
0	0.70530534	0.7053029	0	3.8753008e-19	-1.1618304e-19	0.7853982	1	61	1e-09	1.456e-23
0	0.99821675	4.2864547e-09	0	3.8552241e-19	-1.1291828e-19	0	1	60	1e-09	1.414e-23
0	0.7054642	0.70546204	0	3.826389e-19	-1.1285705e-19	0.7853982	1	60	1e-09	1.414e-23
0	0.9983547	2.5792575e-09	0	3.7816317e-19	-1.0878071e-19	0	1	59	1e-09	1.362e-23
0	0.7054876	0.7054856	0	3.7471145e-19	-1.0871034e-19	0.7853982	1	59	1e-09	1.362e-23
0	0.99840516	2.3811424e-09	0	3.7251994e-19	-1.0559132e-19	0	1	58	1e-09	1.322e-23
0	0.7056421	0.7056404	0	3.7008746e-19	-1.055408e-19	0.7853982	1	58	1e-09	1.322e-23
0	0.9986317	1.8028583e-08	0	3.6507934e-19	-1.0130121e-19	0	1	57	1e-09	1.268e-23
0	0.7055955	0.70559406	0	3.6095006e-19	-1.0122309e-19	0.7853982	1	57	1e-09	1.268e-23
0	0.99854285	2.720125e-09	0	3.5938196e-19	-9.873592e-20	0	1	56	1e-09	1.236e-23
0	0.7057614	0.70576006	0	3.5711315e-19	-9.869177e-20	0.7853982	1	56	1e-09	1.236e-23
0	0.99869245	8.519936e-10	0	3.4975225e-19	-9.37972e-20	0	1	55	1e-09	1.174e-23
0	0.7057965	0.70579576	0	3.469552e-19	-9.374591e-20	0.7853982	1	55	1e-09	1.174e-23
0	0.998722	4.128376e-09	0	3.4540436e-19	-9.156284e-20	0	1	54	1e-09	1.146e-23
0	0.70590794	0.7059074	0	3.4334553e-19	-9.152453e-20	0.7853982	1	54	1e-09	1.146e-23
0	0.99888486	3.3285844e-10	0	3.3710903e-19	-8.742242e-20	0	1	53	1e-09	1.094e-23
0	0.7059	0.70589894	0	3.3407615e-19	-8.737057e-20	0.7853982	1	53	1e-09	1.094e-23
0	0.9988127	6.0045796e-10	0	3.3147518e-19	-8.501893e-20	0	1	52	1e-09	1.064e-23
0	0.7060556	0.7060545	0	3.300642e-19	-8.49934e-20	0.7853982	1	52	1e-09	1.064e-23
0	0.99905986	1.1183204e-09	0	3.2418545e-19	-8.120358e-20	0	1	51	1e-09	1.016e-23
0	0.7060149	0.706014	0	3.211395e-19	-8.115443e-20	0.7853982	1	51	1e-09	1.016e-23
0	0.9989935	6.890656e-10	0	3.1867275e-19	-7.896044e-20	0	1	50	1e-09	9.88e-24
0	0.70614624	0.7061451	0	3.1699047e-19	-7.893256e-20	0.7853982	1	50	1e-09	9.88e-24
0	0.9991429	1.2609591e-10	0	3.099479e-19	-7.497568e-20	0	1	49	1e-09	9.38e-24
0	0.70614934	0.7061488	0	3.0749005e-19	-7.493836e-20	0.7853982	1	49	1e-09	9.38e-24
0	0.999066	1.2111323e-09	0	3.0272727e-19	-7.20926e-20	0	1	48	1e-09	9.02e-24
0	0.7063359	0.70633507	0	3.0210407e-19	-7.208129e-20	0.7853982	1	48	1e-09	9.02e-24
0	0.9992839	-2.1600605e-10	0	2.9515508e-19	-6.859084e-20	0	1	47	1e-09	8.58e-24
0	0.7062816	0.70628107	0	2.9298215e-19	-6.8559876e-20	0.7853982	1	47	1e-09	8.58e-24
0	0.99922645	1.2178833e-09	0	2.895653e-19	-6.6508514e-20	0	1	46	1e-09	8.32e-24
0	0.7063914	0.7063905	0	2.8849607e-19	-6.649262e-20	0.7853982	1	46	1e-09	8.32e-24
0	0.99935263	2.723055e-09	0	2.8102575e-19	-6.299919e-20	0	1	45	1e-09	7.88e-24
0	0.7063896	0.706389	0	2.792904e-19	-6.297603e-20	0.7853982	1	45	1e-09	7.88e-24
0	0.9993613	2.3051452e-09	0	2.7615634e-19	-6.1080955e-20	0	1	44	1e-09	7.64e-24
0	0.7064784	0.7064779	0	2.7504438e-19	-6.1065665e-20	0.7853982	1	44	1e-09	7.64e-24
0	0.9995032	6.213141e-10	0	2.6681928e-19	-5.7411466e-20	0	1	43	1e-09	7.18e-24
0	0.70646095	0.70646054	0	2.6484154e-19	-5.738752e-20	0.7853982	1	43	1e-09	7.18e-24
0	0.9994213	1.4463519e-09	0	2.6193243e-19	-5.580768e-20	0	1	42	1e-09	6.98e-24
0	0.7065735	0.706573	0	2.6118517e-19	-5.579786e-20	0.7853982	1	42	1e-09	6.98e-24
0	0.9995544	1.3112793e-09	0	2.521437e-19	-5.213675e-20	0	1	41	1e-09	6.52e-24
0	0.70657605	0.70657575	0	2.5074166e-19	-5.212084e-20	0.7853982	1	41	1e-09	6.52e-24
0	0.9995745	1.1656268e-09	0	2.4775918e-19	-5.0538487e-20	0	1	40	1e-09	6.32e-24
0	0.70663667	0.70663637	0	2.4668247e-19	-5.0526366e-20	0.7853982	1	40	1e-09	6.32e-24
0	0.9996606	1.1421287e-09	0	2.3849574e-19	-4.734393e-20	0	1	39	1e-09	5.92e-24
0	0.70663625	0.7066359	0	2.3699567e-19	-4.732847e-20	0.7853982	1	39	1e-09	5.92e-24
0	0.99959946	1.1169242e-09	0	2.308572e-19	-4.494199e-20	0	1	38	1e-09	5.62e-24
0	0.7067631	0.7067628	0	2.3053818e-19	-4.4938135e-20	0.7853982	1	38	1e-09	5.62e-24
0	0.99973524	1.0297264e-09	0	2.234508e-19	-4.238877e-20	0	1	37	1e-09	5.3e-24
0	0.706723	0.70672274	0	2.222097e-19	-4.2376977e-20	0.7853982	1	37	1e-09	5.3e-24
0	0.9997058	7.249707e-10	0	2.1810452e-19	-4.0787992e-20	0	1	36	1e-09	5.1e-24
0	0.7067887	0.70678854	0	2.1743704e-19	-4.0781642e-20	0.7853982	1	36	1e-09	5.1e-24
0	0.99977446	2.3498286e-09	0	2.0929312e-19	-3.8071414e-20	0	1	35	1e-09	4.76e-24
0	0.70678365	0.7067834	0	2.0826523e-19	-3.8062593e-20	0.7853982	1	35	1e-09	4.76e-24
0	0.9997777	1.305077e-09	0	2.0404586e-19	-3.647189e-20	0	1	34	1e-09	4.56e-24
0	0.7068505	0.7068503	0	2.0346576e-19	-3.6466774e-20	0.7853982	1	34	1e-09	4.56e-24
0	0.9998435	2.1416027e-09	0	1.9530247e-19	-3.3914696e-20	0	1	33	1e-09	4.24e-24
0	0.7068394	0.7068392	0	1.9432852e-19	-3.3907167e-20	0.7853982	1	33	1e-09	4.24e-24
0	0.9998093	-1.0666625e-10	0	1.8988372e-19	-3.2473805e-20	0	1	32	1e-09	4.06e-24
0	0.7068993	0.7068993	0	1.894645e-19	-3.2470468e-20	0.7853982	1	32	1e-09	4.06e-24
0	0.99987555	1.802235e-09	0	1.7948457e-19	-2.959632e-20	0	1	31	1e-09	3.7e-24
0	0.706903	0.7069029	0	1.7878089e-19	-2.9591466e-20	0.7853982	1	31	1e-09	3.7e-24
0	0.99986786	1.5777853e-09	0	1.7585219e-19	-2.8636217e-20	0	1	30	1e-09	3.58e-24
0	0.70694226	0.70694214	0	1.7544324e-19	-2.8633332e-20	0.7853982	1	30	1e-09	3.58e-24
0	0.99991846	5.202759e-10	0	1.6520761e-19	-2.5917885e-20	0	1	29	1e-09	3.24e-24
0	0.7069352	0.70693517	0	1.6451583e-19	-2.591371e-20	0.7853982	1	29	1e-09	3.24e-24
0	0.99987566	6.198738e-11	0	1.5981132e-19	-2.4636938e-20	0	1	28	1e-09	3.08e-24
0	0.7070029	0.70700276	0	1.5974849e-19	-2.4636376e-20	0.7853982	1	28	1e-09	3.08e-24
0	0.9999469	3.1348983e-09	0	1.507388e-19	-2.239881e-20	0	1	27	1e-09	2.8e-24
0	0.70698303	0.706983	0	1.5023492e-19	-2.2396075e-20	0.7853982	1	27	1e-09	2.8e-24
0	0.99992496	1.4866668e-09	0	1.4706978e-19	-2.159838e-20	0	1	26	1e-09	2.7e-24
0	0.7070122	0.70701224	0	1.4684087e-19	-2.159711e-20	0.7853982	1	26	1e-09	2.7e-24
0	0.9999634	5.07032e-10	0	1.3715598e-19	-1.9359293e-20	0	1	25	1e-09	2.42e-24
0	0.70700514	0.70700514	0	1.3670724e-19	-1.9357217e-20	0.7853982	1	25	1e-09	2.42e-24
0	0.99994236	9.042976e-10	0	1.3044386e-19	-1.7918965e-20	0	1	24	1e-09	2.24e-24
0	0.7070573	0.7070573	0	1.3040979e-19	-1.7918747e-20	0.7853982	1	24	1e-09	2.24e-24
0	0.99998367	3.6864851e-09	0	1.2288646e-19	-1.6319735e-20	0	1	23	1e-09	2.04e-24
0	0.7070357	0.70703566	0	1.2253926e-19	-1.6318357e-20	0.7853982	1	23	1e-09	2.04e-24
0	0.99997234	1.5716068e-09	0	1.1796221e-19	-1.5359574e-20	0	1	22	1e-09	1.92e-24
0	0.7070609	0.7070608	0	1.1781758e-19	-1.5359e-20	0.7853982	1	22	1e-09	1.92e-24
0	0.99998593	1.3184386e-09	0	1.07019484e-19	-1.3279813e-20	0	1	21	1e-09	1.66e-24
0	0.7070629	0.70706284	0	1.06828147e-19	-1.3279174e-20	0.7853982	1	21	1e-09	1.66e-24
0	0.9999855	1.309304e-09	0	1.03672886e-19	-1.26398166e-20	0	1	20	1e-09	1.58e-24
0	0.7070786	0.7070786	0	1.0357878e-19	-1.2639495e-20	0.7853982	1	20	1e-09	1.58e-24
0	0.99999756	1.5022217e-09	0	9.4567624e-20	-1.10399725e-20	0	1	19	1e-09	1.38e-24
0	0.7070686	0.7070686	0	9.435877e-20	-1.1039405e-20	0.7853982	1	19	1e-09	1.38e-24
0	0.9999862	1.5033947e-09	0	8.9788685e-20	-1.0239859e-20	0	1	18	1e-09	1.28e-24
0	0.707093	0.7070929	0	8.977166e-20	-1.02398e-20	0.7853982	1	18	1e-09	1.28e-24
0	0.9999969	7.405308e-10	0	7.992456e-20	-8.639973e-21	0	1	17	1e-09	1.08e-24
0	0.7070906	0.7070906	0	7.9847564e-20	-8.639802e-21	0.7853982	1	17	1e-09	1.08e-24
0	0.9999966	1.4753403e-09	0	7.7842626e-20	-8.319972e-21	0	1	16	1e-09	1.04e-24
0	0.70709413	0.7070941	0	7.7788614e-20	-8.31985e-21	0.7853982	1	16	1e-09	1.04e-24
0	0.99999964	4.250513e-10	0	6.8187645e-20	-6.879997e-21	0	1	15	1e-09	8.6e-25
0	0.70709133	0.70709133	0	6.8100074e-20	-6.879849e-21	0.7853982	1	15	1e-09	8.6e-25
0	0.9999957	1.3372837e-09	0	6.363258e-20	-6.2399727e-21	0	1	14	1e-09	7.8e-25
0	0.7071048	0.70710486	0	6.364006e-20	-6.2399824e-21	0.7853982	1	14	1e-09	7.8e-25
0	0.9999984	6.9098127e-10	0	5.4012445e-20	-4.959992e-21	0	1	13	1e-09	6.2e-25
0	0.7070999	0.7070999	0	5.3981102e-20	-4.9599515e-21	0.7853982	1	13	1e-09	6.2e-25
0	0.9999997	4.5422763e-10	0	5.0172e-20	-4.4799985e-21	0	1	12	1e-09	5.6e-25
0	0.7071058	0.7071058	0	5.0167738e-20	-4.479994e-21	0.7853982	1	12	1e-09	5.6e-25
0	0.99999887	8.9692714e-10	0	4.1934758e-20	-3.5199964e-21	0	1	11	1e-09	4.4e-25
0	0.70710343	0.70710343	0	4.191959e-20	-3.519983e-21	0.7853982	1	11	1e-09	4.4e-25
0	0.9999994	4.3728504e-10	0	3.9142765e-20	-3.199998e-21	0	1	10	1e-09	4e-25
0	0.7071063	0.7071063	0	3.9143046e-20	-3.199998e-21	0.7853982	1	10	1e-09	4e-25
0	0.9921261	3.0686993e-09	0	5.615101e-19	-2.5668283e-19	0	0.65	100	1e-09	3.234e-23
0	0.70688754	0.7068833	0	6.149187e-19	-2.58639e-19	0.7853982	0.65	100	1e-09	3.234e-23
0	0.9924465	-1.1079018e-09	0	5.5688565e-19	-2.504141e-19	0	0.65	99	1e-09	3.154e-23
0	0.70685035	0.70684624	0	6.067748e-19	-2.522278e-19	0.7853982	0.65	99	1e-09	3.154e-23
0	0.99255437	3.6456338e-09	0	5.5495237e-19	-2.469475e-19	0	0.65	98	1e-09	3.11e-23
0	0.70689803	0.70689434	0	6.0410763e-19	-2.4872587e-19	0.7853982	0.65	98	1e-09	3.11e-23
0	0.99276644	1.5972551e-10	0	5.48319e-19	-2.408054e-19	0	0.65	97	1e-09	3.032e-23
0	0.7068669	0.7068636	0	5.9555257e-19	-2.4247714e-19	0.7853982	0.65	97	1e-09	3.032e-23
0	0.9928431	3.141811e-09	0	5.4507485e-19	-2.373292e-19	0	0.65	96	1e-09	2.988e-23
0	0.70689774	0.70689434	0	5.92016e-19	-2.3896873e-19	0.7853982	0.65	96	1e-09	2.988e-23
0	0.9930105	4.9133972e-09	0	5.386652e-19	-2.3164947e-19	0	0.65	95	1e-09	2.916e-23
0	0.70685565	0.70685256	0	5.837703e-19	-2.3319666e-19	0.7853982	0.65	95	1e-09	2.916e-23
0	0.9932338	8.9875885e-10	0	5.3683096e-19	-2.2725187e-19	0	0.65	94	1e-09	2.86e-23
0	0.70693195	0.70692927	0	5.806416e-19	-2.2874297e-19	0.7853982	0.65	94	1e-09	2.86e-23
0	0.99350023	-8.693233e-10	0	5.320802e-19	-2.2206716e-19	0	0.65	93	1e-09	2.794e-23
0	0.70688653	0.7068833	0	5.7281725e-19	-2.2344981e-19	0.7853982	0.65	93	1e-09	2.794e-23
0	0.9934148	9.347391e-10	0	5.2482413e-19	-2.1664388e-19	0	0.65	92	1e-09	2.726e-23
0	0.7069748	0.70697236	0	5.678649e-19	-2.180389e-19	0.7853982	0.65	92	1e-09	2.726e-23
0	0.99387085	-2.0228577e-09	0	5.23158e-19	-2.126088e-19	0	0.65	91	1e-09	2.674e-23
0	0.7069155	0.70691335	0	5.613489e-19	-2.1386178e-19	0.7853982	0.65	91	1e-09	2.674e-23
0	0.9937532	1.2993335e-07	0	5.1588065e-19	-2.0844964e-19	0	0.65	90	1e-09	2.622e-23
0	0.70695287	0.7069504	0	5.5592984e-19	-2.0971396e-19	0.7853982	0.65	90	1e-09	2.622e-23
0	0.99412173	-1.5944709e-09	0	5.1243415e-19	-2.0327802e-19	0	0.65	89	1e-09	2.556e-23
0	0.7069339	0.70693165	0	5.4892595e-19	-2.0442966e-19	0.7853982	0.65	89	1e-09	2.556e-23
0	0.99412173	5.822623e-10	0	5.0739005e-19	-1.9946058e-19	0	0.65	88	1e-09	2.508e-23
0	0.70696825	0.7069664	0	5.4434574e-19	-2.0060042e-19	0.7853982	0.65	88	1e-09	2.508e-23
0	0.99435043	0.0008040161	0	5.005194e-19	-1.9338126e-19	0	0.65	87	1e-09	2.431e-23
0	0.70687276	0.70705163	0	5.3536163e-19	-1.9444025e-19	0.7853982	0.65	87	1e-09	2.431e-23
0	0.99456006	2.5250921e-09	0	4.9826754e-19	-1.901599e-19	0	0.65	86	1e-09	2.39e-23
0	0.7069834	0.70698196	0	5.31943e-19	-1.9116642e-19	0.7853982	0.65	86	1e-09	2.39e-23
0	0.99460196	1.2998546e-09	0	4.905287e-19	-1.853938e-19	0	0.65	85	1e-09	2.33e-23
0	0.7069606	0.70695883	0	5.2374223e-19	-1.8636125e-19	0.7853982	0.65	85	1e-09	2.33e-23
0	0.994711	2.9057918e-09	0	4.8654386e-19	-1.8159444e-19	0	0.65	84	1e-09	2.282e-23
0	0.70700073	0.7069993	0	5.194699e-19	-1.8253242e-19	0.7853982	0.65	84	1e-09	2.282e-23
0	0.99497825	-8.9366803e-10	0	4.819104e-19	-1.771857e-19	0	0.65	83	1e-09	2.226e-23
0	0.70696753	0.70696586	0	5.1205877e-19	-1.7804472e-19	0.7853982	0.65	83	1e-09	2.226e-23
0	0.9950107	2.2681657e-10	0	4.758566e-19	-1.7257464e-19	0	0.65	82	1e-09	2.168e-23
0	0.70702314	0.7070219	0	5.0675054e-19	-1.7341932e-19	0.7853982	0.65	82	1e-09	2.168e-23
0	0.99532	9.735754e-10	0	4.7189e-19	-1.6848776e-19	0	0.65	81	1e-09	2.116e-23
0	0.70698905	0.706988	0	4.99641e-19	-1.6925167e-19	0.7853982	0.65	81	1e-09	2.116e-23
0	0.9953777	8.052247e-10	0	4.6689e-19	-1.6467528e-19	0	0.65	80	1e-09	2.068e-23
0	0.7070256	0.70702463	0	4.949312e-19	-1.6542088e-19	0.7853982	0.65	80	1e-09	2.068e-23
0	0.9955436	6.0314225e-09	0	4.6072756e-19	-1.6056128e-19	0	0.65	79	1e-09	2.016e-23
0	0.70700365	0.70700276	0	4.8720235e-19	-1.6125637e-19	0.7853982	0.65	79	1e-09	2.016e-23
0	0.99560165	-2.001067e-08	0	4.556247e-19	-1.5690682e-19	0	0.65	78	1e-09	1.97e-23
0	0.7070326	0.7070317	0	4.8216074e-19	-1.5758337e-19	0.7853982	0.65	78	1e-09	1.97e-23
0	0.9957246	1.2716698e-09	0	4.483362e-19	-1.5214673e-19	0	0.65	77	1e-09	1.91e-23
0	0.70702684	0.7070261	0	4.738811e-19	-1.5278264e-19	0.7853982	0.65	77	1e-09	1.91e-23
0	0.9959539	6.2154575e-09	0	4.4600896e-19	-1.489947e-19	0	0.65	76	1e-09	1.87e-23
0	0.7070354	0.7070348	0	4.698981e-19	-1.4958483e-19	0.7853982	0.65	76	1e-09	1.87e-23
0	0.9961323	1.458525e-09	0	4.394593e-19	-1.4471809e-19	0	0.65	75	1e-09	1.816e-23
0	0.7070299	0.7070292	0	4.619539e-19	-1.4526412e-19	0.7853982	0.65	75	1e-09	1.816e-23
0	0.99616194	1.214495e-09	0	4.342738e-19	-1.4153467e-19	0	0.65	74	1e-09	1.776e-23
0	0.7070498	0.7070492	0	4.5703983e-19	-1.4206849e-19	0.7853982	0.65	74	1e-09	1.776e-23
0	0.99628776	2.7248208e-09	0	4.2720224e-19	-1.3740801e-19	0	0.65	73	1e-09	1.724e-23
0	0.7070341	0.7070334	0	4.487685e-19	-1.3790574e-19	0.7853982	0.65	73	1e-09	1.724e-23
0	0.9963354	2.8450904e-09	0	4.2165816e-19	-1.3358863e-19	0	0.65	72	1e-09	1.676e-23
0	0.70706004	0.70705986	0	4.4346497e-19	-1.3407111e-19	0.7853982	0.65	72	1e-09	1.676e-23
0	0.9967247	4.2774397e-09	0	4.1723383e-19	-1.2965394e-19	0	0.65	71	1e-09	1.626e-23
0	0.70703596	0.70703524	0	4.355807e-19	-1.3006691e-19	0.7853982	0.65	71	1e-09	1.626e-23
0	0.9966427	7.168005e-09	0	4.1065033e-19	-1.2613509e-19	0	0.65	70	1e-09	1.582e-23
0	0.70705897	0.70705867	0	4.3029775e-19	-1.2655141e-19	0.7853982	0.65	70	1e-09	1.582e-23
0	0.9970339	3.6670067e-10	0	4.0624455e-19	-1.22356e-19	0	0.65	69	1e-09	1.534e-23
0	0.7070478	0.70704746	0	4.2271163e-19	-1.2270974e-19	0.7853982	0.65	69	1e-09	1.534e-23
0	0.99687344	3.2328953e-10	0	3.9892408e-19	-1.1946531e-19	0	0.65	68	1e-09	1.498e-23
0	0.7070681	0.70706785	0	4.1703357e-19	-1.1983342e-19	0.7853982	0.65	68	1e-09	1.498e-23
0	0.99706596	2.9595362e-09	0	3.9090144e-19	-1.1486199e-19	0	0.65	67	1e-09	1.44e-23
0	0.7070639	0.7070636	0	4.0758983e-19	-1.1519299e-19	0.7853982	0.65	67	1e-09	1.44e-23
0	0.9971567	1.7360063e-09	0	3.8808065e-19	-1.1263881e-19	0	0.65	66	1e-09	1.412e-23
0	0.7070667	0.7070665	0	4.0425935e-19	-1.1295358e-19	0.7853982	0.65	66	1e-09	1.412e-23
0	0.99736685	2.6456155e-09	0	3.8028869e-19	-1.0819435e-19	0	0.65	65	1e-09	1.356e-23
0	0.7070644	0.7070641	0	3.94912e-19	-1.0847345e-19	0.7853982	0.65	65	1e-09	1.356e-23
0	0.9975091	1.547038e-09	0	3.7703034e-19	-1.0549655e-19	0	0.65	64	1e-09	1.322e-23
0	0.7070595	0.70705914	0	3.908976e-19	-1.057529e-19	0.7853982	0.65	64	1e-09	1.322e-23
0	0.9975481	4.3805577e-09	0	3.6873613e-19	-1.0230852e-19	0	0.65	63	1e-09	1.282e-23
0	0.70706636	0.7070661	0	3.8222375e-19	-1.0255412e-19	0.7853982	0.65	63	1e-09	1.282e-23
0	0.99747056	2.666492e-09	0	3.619416e-19	-9.910866e-20	0	0.65	62	1e-09	1.242e-23
0	0.70708174	0.7070817	0	3.7648784e-19	-9.935646e-20	0.7853982	0.65	62	1e-09	1.242e-23
0	0.9978215	1.9835156e-09	0	3.5759793e-19	-9.595052e-20	0	0.65	61	1e-09	1.202e-23
0	0.7070686	0.7070685	0	3.6932074e-19	-9.61548e-20	0.7853982	0.65	61	1e-09	1.202e-23
0	0.99781406	2.7659641e-09	0	3.516332e-19	-9.291643e-20	0	0.65	60	1e-09	1.164e-23
0	0.7070683	0.70706815	0	3.638055e-19	-9.311492e-20	0.7853982	0.65	60	1e-09	1.164e-23
0	0.9980541	3.4583667e-09	0	3.4508732e-19	-8.942564e-20	0	0.65	59	1e-09	1.12e-23
0	0.7070731	0.707073	0	3.5548898e-19	-8.959573e-20	0.7853982	0.65	59	1e-09	1.12e-23
0	0.9979516	2.2135969e-09	0	3.3855176e-19	-8.718105e-20	0	0.65	58	1e-09	1.092e-23
0	0.70708555	0.70708543	0	3.4989386e-19	-8.735737e-20	0.7853982	0.65	58	1e-09	1.092e-23
0	0.99810123	1.4005521e-09	0	3.3057234e-19	-8.336141e-20	0	0.65	57	1e-09	1.044e-23
0	0.70708716	0.7070871	0	3.4097114e-19	-8.3517673e-20	0.7853982	0.65	57	1e-09	1.044e-23
0	0.9982589	3.6228265e-10	0	3.276414e-19	-8.129821e-20	0	0.65	56	1e-09	1.018e-23
0	0.7070769	0.7070769	0	3.36982e-19	-8.1436565e-20	0.7853982	0.65	56	1e-09	1.018e-23
0	0.99832463	3.644971e-09	0	3.1900088e-19	-7.7789454e-20	0	0.65	55	1e-09	9.74e-24
0	0.7070842	0.7070841	0	3.2798223e-19	-7.79175e-20	0.7853982	0.65	55	1e-09	9.74e-24
0	0.99848145	3.5779792e-09	0	3.1486095e-19	-7.524555e-20	0	0.65	54	1e-09	9.42e-24
0	0.707069	0.707069	0	3.2289062e-19	-7.535597e-20	0.7853982	0.65	54	1e-09	9.42e-24
0	0.99861026	1.4124373e-09	0	3.078508e-19	-7.221949e-20	0	0.65	53	1e-09	9.04e-24
0	0.70707303	0.70707285	0	3.1499948e-19	-7.231654e-20	0.7853982	0.65	53	1e-09	9.04e-24
0	0.99859643	2.4538e-09	0	3.0110569e-19	-6.966209e-20	0	0.65	52	1e-09	8.72e-24
0	0.70707494	0.7070749	0	3.086289e-19	-6.975685e-20	0.7853982	0.65	52	1e-09	8.72e-24
0	0.9986872	2.4269822e-09	0	2.9413945e-19	-6.711178e-20	0	0.65	51	1e-09	8.4e-24
0	0.7070894	0.7070894	0	3.010078e-19	-6.7198344e-20	0.7853982	0.65	51	1e-09	8.4e-24
0	0.99871427	2.651042e-09	0	2.881982e-19	-6.45569e-20	0	0.65	50	1e-09	8.08e-24
0	0.7070743	0.7070742	0	2.9501154e-19	-6.463704e-20	0.7853982	0.65	50	1e-09	8.08e-24
0	0.9989299	3.5171264e-09	0	2.8233582e-19	-6.185374e-20	0	0.65	49	1e-09	7.74e-24
0	0.7070808	0.7070807	0	2.8773359e-19	-6.191771e-20	0.7853982	0.65	49	1e-09	7.74e-24
0	0.99889296	1.7848257e-09	0	2.749287e-19	-5.9294284e-20	0	0.65	48	1e-09	7.42e-24
0	0.7070724	0.7070723	0	2.806904e-19	-5.93571e-20	0.7853982	0.65	48	1e-09	7.42e-24
0	0.9989963	1.175366e-09	0	2.6660427e-19	-5.642331e-20	0	0.65	47	1e-09	7.06e-24
0	0.7070941	0.7070941	0	2.718168e-19	-5.6478994e-20	0.7853982	0.65	47	1e-09	7.06e-24
0	0.99902177	2.6785707e-09	0	2.6261751e-19	-5.482631e-20	0	0.65	46	1e-09	6.86e-24
0	0.7070818	0.7070818	0	2.6767676e-19	-5.487806e-20	0.7853982	0.65	46	1e-09	6.86e-24
0	0.99912834	-3.8805106e-10	0	2.5374122e-19	-5.179481e-20	0	0.65	45	1e-09	6.48e-24
0	0.70709443	0.7070944	0	2.5818318e-19	-5.183909e-20	0.7853982	0.65	45	1e-09	6.48e-24
0	0.9991669	1.867094e-09	0	2.4998334e-19	-5.0198144e-20	0	0.65	44	1e-09	6.28e-24
0	0.70707345	0.70707345	0	2.5420434e-19	-5.0237625e-20	0.7853982	0.65	44	1e-09	6.28e-24
0	0.999283	1.3765326e-09	0	2.413907e-19	-4.732604e-20	0	0.65	43	1e-09	5.92e-24
0	0.7070876	0.7070875	0	2.4493027e-19	-4.735871e-20	0.7853982	0.65	43	1e-09	5.92e-24
0	0.99933326	2.6499911e-09	0	2.3618858e-19	-4.524981e-20	0	0.65	42	1e-09	5.66e-24
0	0.7070456	0.7070456	0	2.394266e-19	-4.527608e-20	0.7853982	0.65	42	1e-09	5.66e-24
0	0.99937874	2.8042775e-09	0	2.2881062e-19	-4.3333065e-20	0	0.65	41	1e-09	5.42e-24
0	0.7070943	0.70709425	0	2.3186645e-19	-4.335923e-20	0.7853982	0.65	41	1e-09	5.42e-24
0	0.9993261	7.4119255e-10	0	2.2234566e-19	-4.141207e-20	0	0.65	40	1e-09	5.18e-24
0	0.7070766	0.70707667	0	2.2576127e-19	-4.1438233e-20	0.7853982	0.65	40	1e-09	5.18e-24
0	0.99949837	2.0194495e-09	0	2.1597094e-19	-3.918034e-20	0	0.65	39	1e-09	4.9e-24
0	0.7070886	0.70708853	0	2.1837113e-19	-3.919899e-20	0.7853982	0.65	39	1e-09	4.9e-24
0	0.99949074	1.084553e-09	0	2.1026894e-19	-3.742093e-20	0	0.65	38	1e-09	4.68e-24
0	0.7070589	0.7070589	0	2.1269219e-19	-3.7437468e-20	0.7853982	0.65	38	1e-09	4.68e-24
0	0.999582	1.7280734e-09	0	2.0133035e-19	-3.4865414e-20	0	0.65	37	1e-09	4.36e-24
0	0.7070841	0.707084	0	2.0333643e-19	-3.487888e-20	0.7853982	0.65	37	1e-09	4.36e-24
0	0.99953884	1.201494e-09	0	1.9741063e-19	-3.3904356e-20	0	0.65	36	1e-09	4.24e-24
0	0.7070743	0.7070743	0	1.996464e-19	-3.3918444e-20	0.7853982	0.65	36	1e-09	4.24e-24
0	0.9996169	7.673908e-10	0	1.8778813e-19	-3.1347984e-20	0	0.65	35	1e-09	3.92e-24
0	0.7070946	0.70709455	0	1.8964687e-19	-3.1359454e-20	0.7853982	0.65	35	1e-09	3.92e-24
0	0.9996613	9.362502e-11	0	1.8481245e-19	-3.022976e-20	0	0.65	34	1e-09	3.78e-24
0	0.7070575	0.7070575	0	1.8632772e-19	-3.0237894e-20	0.7853982	0.65	34	1e-09	3.78e-24
0	0.9997009	4.284084e-10	0	1.7527323e-19	-2.7991624e-20	0	0.65	33	1e-09	3.5e-24
0	0.7070927	0.7070927	0	1.7668265e-19	-2.7999437e-20	0.7853982	0.65	33	1e-09	3.5e-24
0	0.99973327	3.8381778e-10	0	1.7011533e-19	-2.6392957e-20	0	0.65	32	1e-09	3.3e-24
0	0.70704085	0.7070408	0	1.7123076e-19	-2.6397542e-20	0.7853982	0.65	32	1e-09	3.3e-24
0	0.9998021	7.045395e-10	0	1.6269e-19	-2.4635122e-20	0	0.65	31	1e-09	3.08e-24
0	0.7070781	0.70707804	0	1.6350946e-19	-2.4639e-20	0.7853982	0.65	31	1e-09	3.08e-24
0	0.9997657	5.2871957e-10	0	1.5497141e-19	-2.30346e-20	0	0.65	30	1e-09	2.88e-24
0	0.7070801	0.7070801	0	1.5603095e-19	-2.3039132e-20	0.7853982	0.65	30	1e-09	2.88e-24
0	0.9998337	1.6366625e-09	0	1.4914171e-19	-2.175638e-20	0	0.65	29	1e-09	2.72e-24
0	0.70710385	0.7071038	0	1.4990442e-19	-2.1759907e-20	0.7853982	0.65	29	1e-09	2.72e-24
0	0.9998282	2.7163574e-10	0	1.4255155e-19	-2.0156538e-20	0	0.65	28	1e-09	2.52e-24
0	0.7070761	0.7070761	0	1.432784e-19	-2.0159125e-20	0.7853982	0.65	28	1e-09	2.52e-24
0	0.99990106	5.4675403e-10	0	1.3614528e-19	-1.8718147e-20	0	0.65	27	1e-09	2.34e-24
0	0.7070965	0.7070965	0	1.3654963e-19	-1.8719726e-20	0.7853982	0.65	27	1e-09	2.34e-24
0	0.9998751	1.1710954e-09	0	1.2996795e-19	-1.7437822e-20	0	0.65	26	1e-09	2.18e-24
0	0.7070719	0.7070719	0	1.3045012e-19	-1.7439142e-20	0.7853982	0.65	26	1e-09	2.18e-24
0	0.998465	-0.053447507	0	1.2086727e-19	-1.573581e-20	0	0.65	25	1e-09	1.97e-24
0	0.70847124	0.7057208	0	1.2194662e-19	-1.575976e-20	0.7853982	0.65	25	1e-09	1.97e-24
0	0.99991316	1.7401026e-10	0	1.1847116e-19	-1.519868e-20	0	0.65	24	1e-09	1.9e-24
0	0.7070907	0.70709074	0	1.1882023e-19	-1.5199655e-20	0.7853982	0.65	24	1e-09	1.9e-24
0	0.9999356	1.650603e-09	0	1.0898893e-19	-1.3439135e-20	0	0.65	23	1e-09	1.68e-24
0	0.707098	0.7070979	0	1.0925224e-19	-1.3439833e-20	0.7853982	0.65	23	1e-09	1.68e-24
0	0.9999415	4.685717e-10	0	1.058298e-19	-1.2799252e-20	0	0.65	22	1e-09	1.6e-24
0	0.7070869	0.70708686	0	1.06036406e-19	-1.279964e-20	0.7853982	0.65	22	1e-09	1.6e-24
0	0.99996185	5.1721666e-10	0	9.663459e-20	-1.1199572e-20	0	0.65	21	1e-09	1.4e-24
0	0.7070943	0.7070943	0	9.6762477e-20	-1.1199801e-20	0.7853982	0.65	21	1e-09	1.4e-24
0	0.9999558	4.7952026e-10	0	9.0355795e-20	-1.0079553e-20	0	0.65	20	1e-09	1.26e-24
0	0.7070515	0.70705146	0	9.038437e-20	-1.0079211e-20	0.7853982	0.65	20	1e-09	1.26e-24
0	0.99997926	1.1552741e-09	0	8.564708e-20	-9.4398045e-21	0	0.65	19	1e-09	1.18e-24
0	0.70710427	0.7071043	0	8.5724326e-20	-9.439966e-21	0.7853982	0.65	19	1e-09	1.18e-24
0	0.99996406	6.7048633e-10	0	7.96145e-20	-8.479695e-21	0	0.65	18	1e-09	1.06e-24
0	0.7070865	0.7070865	0	7.971075e-20	-8.479757e-21	0.7853982	0.65	18	1e-09	1.06e-24
0	0.9999904	1.0898455e-09	0	7.3336457e-20	-7.519927e-21	0	0.65	17	1e-09	9.4e-25
0	0.70710194	0.7071019	0	7.3360264e-20	-7.519948e-21	0.7853982	0.65	17	1e-09	9.4e-25
0	0.99998564	9.410238e-10	0	6.8026674e-20	-6.719904e-21	0	0.65	16	1e-09	8.4e-25
0	0.7070782	0.7070783	0	6.800008e-20	-6.719728e-21	0.7853982	0.65	16	1e-09	8.4e-25
0	0.99998945	4.6908527e-10	0	5.798393e-20	-5.4399424e-21	0	0.65	15	1e-09	6.8e-25
0	0.70710117	0.70710117	0	5.801088e-20	-5.439956e-21	0.7853982	0.65	15	1e-09	6.8e-25
0	0.99999285	7.057679e-10	0	5.624116e-20	-5.1199632e-21	0	0.65	14	1e-09	6.4e-25
0	0.7070697	0.7070697	0	5.616665e-20	-5.1197314e-21	0.7853982	0.65	14	1e-09	6.4e-25
0	0.9999959	7.298345e-10	0	4.7623754e-20	-4.1599826e-21	0	0.65	13	1e-09	5.2e-25
0	0.7071047	0.7071047	0	4.763433e-20	-4.1599874e-21	0.7853982	0.65	13	1e-09	5.2e-25
0	0.99999785	9.1153196e-10	0	4.6690404e-20	-3.9999914e-21	0	0.65	12	1e-09	5e-25
0	0.7070945	0.7070945	0	4.6661268e-20	-3.999931e-21	0.7853982	0.65	12	1e-09	5e-25
0	0.9999992	3.195677e-10	0	3.764798e-20	-3.0399974e-21	0	0.65	11	1e-09	3.8e-25
0	0.70710635	0.7071064	0	3.7650454e-20	-3.0399982e-21	0.7853982	0.65	11	1e-09	3.8e-25
0	0.999998	4.928552e-10	0	3.1754824e-20	-2.399995e-21	0	0.65	10	1e-09	3e-25
0	0.70708835	0.70708823	0	3.170901e-20	-2.3999375e-21	0.7853982	0.65	10	1e-09	3e-25
0	0.99614733	2.9858718e-09	0	5.7912357e-19	-1.8950707e-19	0	0.4	100	1e-09	2.378e-23
0	0.67982334	0.67980534	0	5.062245e-19	-1.8289726e-19	0.7853982	0.4	100	1e-09	2.378e-23
0	0.99631566	1.0145336e-09	0	5.7355344e-19	-1.8555381e-19	0	0.4	99	1e-09	2.328e-23
0	0.68086666	0.6808474	0	5.035898e-19	-1.7932628e-19	0.7853982	0.4	99	1e-09	2.328e-23
0	0.99631625	3.5722407e-09	0	5.6713364e-19	-1.823657e-19	0	0.4	98	1e-09	2.288e-23
0	0.68092376	0.68090504	0	4.982831e-19	-1.7625992e-19	0.7853982	0.4	98	1e-09	2.288e-23
0	0.99637926	2.6628189e-09	0	5.6032925e-19	-1.7887e-19	0	0.4	97	1e-09	2.244e-23
0	0.6825483	0.6825276	0	4.970055e-19	-1.7328249e-19	0.7853982	0.4	97	1e-09	2.244e-23
0	0.9963684	3.783073e-09	0	5.5288974e-19	-1.7472316e-19	0	0.4	96	1e-09	2.192e-23
0	0.6819258	0.68190575	0	4.881985e-19	-1.691127e-19	0.7853982	0.4	96	1e-09	2.192e-23
0	0.9967803	1.6406742e-09	0	5.5102745e-19	-1.7096776e-19	0	0.4	95	1e-09	2.144e-23
0	0.68285817	0.68284017	0	4.8733697e-19	-1.6563594e-19	0.7853982	0.4	95	1e-09	2.144e-23
0	0.9968302	3.3121539e-09	0	5.467992e-19	-1.6826493e-19	0	0.4	94	1e-09	2.11e-23
0	0.6821105	0.68209237	0	4.8060957e-19	-1.6283076e-19	0.7853982	0.4	94	1e-09	2.11e-23
0	0.9969269	1.0591867e-09	0	5.384053e-19	-1.6381504e-19	0	0.4	93	1e-09	2.054e-23
0	0.68374854	0.6837304	0	4.778314e-19	-1.5888983e-19	0.7853982	0.4	93	1e-09	2.054e-23
0	0.9969031	3.9948107e-09	0	5.328074e-19	-1.6094003e-19	0	0.4	92	1e-09	2.018e-23
0	0.683184	0.6831656	0	4.710797e-19	-1.5597608e-19	0.7853982	0.4	92	1e-09	2.018e-23
0	0.9969772	3.8923775e-09	0	5.2271906e-19	-1.5648554e-19	0	0.4	91	1e-09	1.962e-23
0	0.6850762	0.68505806	0	4.677148e-19	-1.5206775e-19	0.7853982	0.4	91	1e-09	1.962e-23
0	0.9970856	1.6281325e-09	0	5.2178026e-19	-1.5458814e-19	0	0.4	90	1e-09	1.938e-23
0	0.68427736	0.6842598	0	4.635782e-19	-1.500325e-19	0.7853982	0.4	90	1e-09	1.938e-23
0	0.99726427	1.793365e-09	0	5.1344564e-19	-1.501481e-19	0	0.4	89	1e-09	1.882e-23
0	0.6856527	0.6856352	0	4.591918e-19	-1.4599005e-19	0.7853982	0.4	89	1e-09	1.882e-23
0	0.9973436	4.9549587e-09	0	5.1097836e-19	-1.4744727e-19	0	0.4	88	1e-09	1.848e-23
0	0.68432736	0.68431103	0	4.519562e-19	-1.4307563e-19	0.7853982	0.4	88	1e-09	1.848e-23
0	0.9973794	6.118934e-10	0	5.002249e-19	-1.4330346e-19	0	0.4	87	1e-09	1.796e-23
0	0.68653256	0.68651515	0	4.489753e-19	-1.3949765e-19	0.7853982	0.4	87	1e-09	1.796e-23
0	0.9973965	1.963556e-09	0	4.972265e-19	-1.4139093e-19	0	0.4	86	1e-09	1.772e-23
0	0.6860365	0.68602175	0	4.445137e-19	-1.3753436e-19	0.7853982	0.4	86	1e-09	1.772e-23
0	0.9975683	4.6261492e-09	0	4.8870446e-19	-1.3662695e-19	0	0.4	85	1e-09	1.712e-23
0	0.68695736	0.68694097	0	4.3854107e-19	-1.3305566e-19	0.7853982	0.4	85	1e-09	1.712e-23
0	0.997748	2.4997495e-09	0	4.876189e-19	-1.344166e-19	0	0.4	84	1e-09	1.684e-23
0	0.68615615	0.6861415	0	4.3401153e-19	-1.3072704e-19	0.7853982	0.4	84	1e-09	1.684e-23
0	0.99784166	4.2086206e-09	0	4.789561e-19	-1.3043787e-19	0	0.4	83	1e-09	1.634e-23
0	0.6872838	0.68726754	0	4.287663e-19	-1.270539e-19	0.7853982	0.4	83	1e-09	1.634e-23
0	0.99781543	2.5317055e-09	0	4.7267096e-19	-1.2756071e-19	0	0.4	82	1e-09	1.598e-23
0	0.6870477	0.68703216	0	4.221927e-19	-1.2421206e-19	0.7853982	0.4	82	1e-09	1.598e-23
0	0.99788105	3.3270038e-09	0	4.650135e-19	-1.2469522e-19	0	0.4	81	1e-09	1.562e-23
0	0.68895555	0.6889414	0	4.2064044e-19	-1.2175107e-19	0.7853982	0.4	81	1e-09	1.562e-23
0	0.9978997	4.311181e-09	0	4.599772e-19	-1.218236e-19	0	0.4	80	1e-09	1.526e-23
0	0.68825495	0.68823904	0	4.1362828e-19	-1.1882391e-19	0.7853982	0.4	80	1e-09	1.526e-23
0	0.9980071	3.2802556e-09	0	4.53028e-19	-1.1896244e-19	0	0.4	79	1e-09	1.49e-23
0	0.68996984	0.6899543	0	4.1159975e-19	-1.1630984e-19	0.7853982	0.4	79	1e-09	1.49e-23
0	0.9982204	2.8069027e-09	0	4.473553e-19	-1.1499498e-19	0	0.4	78	1e-09	1.44e-23
0	0.6890978	0.68908745	0	4.02431e-19	-1.1226519e-19	0.7853982	0.4	78	1e-09	1.44e-23
0	0.998239	3.779529e-09	0	4.403973e-19	-1.1244165e-19	0	0.4	77	1e-09	1.408e-23
0	0.690655	0.6906403	0	4.0019745e-19	-1.100181e-19	0.7853982	0.4	77	1e-09	1.408e-23
0	0.9982655	1.2775139e-09	0	4.3387567e-19	-1.0956961e-19	0	0.4	76	1e-09	1.372e-23
0	0.6905684	0.69055504	0	3.9382053e-19	-1.0719181e-19	0.7853982	0.4	76	1e-09	1.372e-23
0	0.99831796	3.1941019e-09	0	4.2687865e-19	-1.0670021e-19	0	0.4	75	1e-09	1.336e-23
0	0.69171536	0.69170135	0	3.9010825e-19	-1.0455252e-19	0.7853982	0.4	75	1e-09	1.336e-23
0	0.99834234	3.5499488e-09	0	4.199594e-19	-1.0350812e-19	0	0.4	74	1e-09	1.296e-23
0	0.69110286	0.6910896	0	3.8159925e-19	-1.0133244e-19	0.7853982	0.4	74	1e-09	1.296e-23
0	0.9985229	6.112541e-09	0	4.159835e-19	-1.0097064e-19	0	0.4	73	1e-09	1.264e-23
0	0.69192976	0.6919178	0	3.7918794e-19	-9.894874e-20	0.7853982	0.4	73	1e-09	1.264e-23
0	0.99858207	3.5803844e-09	0	4.1030604e-19	-9.858002e-20	0	0.4	72	1e-09	1.234e-23
0	0.6917479	0.6917359	0	3.7294356e-19	-9.65749e-20	0.7853982	0.4	72	1e-09	1.234e-23
0	0.998587	1.2158502e-09	0	4.023181e-19	-9.570457e-20	0	0.4	71	1e-09	1.198e-23
0	0.6930202	0.69300824	0	3.6870283e-19	-9.392991e-20	0.7853982	0.4	71	1e-09	1.198e-23
0	0.99859303	2.887896e-09	0	3.9626157e-19	-9.346832e-20	0	0.4	70	1e-09	1.17e-23
0	0.6931216	0.6931107	0	3.632887e-19	-9.174805e-20	0.7853982	0.4	70	1e-09	1.17e-23
0	0.99862623	3.1384746e-09	0	3.8792959e-19	-9.02758e-20	0	0.4	69	1e-09	1.13e-23
0	0.69409233	0.6940805	0	3.5774018e-19	-8.873541e-20	0.7853982	0.4	69	1e-09	1.13e-23
0	0.9988292	1.6251495e-09	0	3.8537967e-19	-8.773715e-20	0	0.4	68	1e-09	1.098e-23
0	0.69291854	0.69290996	0	3.5122045e-19	-8.607694e-20	0.7853982	0.4	68	1e-09	1.098e-23
0	0.99893266	2.9509322e-09	0	3.795078e-19	-8.534881e-20	0	0.4	67	1e-09	1.068e-23
0	0.6939976	0.69398767	0	3.478774e-19	-8.3855415e-20	0.7853982	0.4	67	1e-09	1.068e-23
0	0.998883	3.0942204e-09	0	3.7176332e-19	-8.278743e-20	0	0.4	66	1e-09	1.036e-23
0	0.69383043	0.6938197	0	3.402033e-19	-8.1323254e-20	0.7853982	0.4	66	1e-09	1.036e-23
0	0.998912	3.0407683e-09	0	3.6215407e-19	-7.991295e-20	0	0.4	65	1e-09	1e-23
0	0.69567174	0.6956613	0	3.3573956e-19	-7.870568e-20	0.7853982	0.4	65	1e-09	1e-23
0	0.9989215	2.6336582e-09	0	3.5830918e-19	-7.799579e-20	0	0.4	64	1e-09	9.76e-24
0	0.69486976	0.6948598	0	3.2990488e-19	-7.672821e-20	0.7853982	0.4	64	1e-09	9.76e-24
0	0.99897814	3.0168483e-09	0	3.483215e-19	-7.480347e-20	0	0.4	63	1e-09	9.36e-24
0	0.6962043	0.6961953	0	3.2345476e-19	-7.372499e-20	0.7853982	0.4	63	1e-09	9.36e-24
0	0.999097	1.0777314e-10	0	3.4690528e-19	-7.321383e-20	0	0.4	62	1e-09	9.16e-24
0	0.69527566	0.69526726	0	3.1915839e-19	-7.205346e-20	0.7853982	0.4	62	1e-09	9.16e-24
0	0.9991473	1.1572897e-09	0	3.3759712e-19	-7.0499835e-20	0	0.4	61	1e-09	8.82e-24
0	0.6967451	0.6967374	0	3.134967e-19	-6.952566e-20	0.7853982	0.4	61	1e-09	8.82e-24
0	0.9991176	2.3804083e-09	0	3.3246718e-19	-6.857943e-20	0	0.4	60	1e-09	8.58e-24
0	0.6962251	0.6962158	0	3.0730184e-19	-6.758325e-20	0.7853982	0.4	60	1e-09	8.58e-24
0	0.9991889	2.7310865e-09	0	3.2387282e-19	-6.570666e-20	0	0.4	59	1e-09	8.22e-24
0	0.69732696	0.6973193	0	3.0164589e-19	-6.485013e-20	0.7853982	0.4	59	1e-09	8.22e-24
0	0.9992363	3.457795e-09	0	3.2115249e-19	-6.4430746e-20	0	0.4	58	1e-09	8.06e-24
0	0.69693744	0.69692945	0	2.9778792e-19	-6.3552306e-20	0.7853982	0.4	58	1e-09	8.06e-24
0	0.99930805	1.6641616e-09	0	3.1124387e-19	-6.123759e-20	0	0.4	57	1e-09	7.66e-24
0	0.6977326	0.6977261	0	2.8970827e-19	-6.046733e-20	0.7853982	0.4	57	1e-09	7.66e-24
0	0.99937135	3.977731e-09	0	3.0858195e-19	-5.980238e-20	0	0.4	56	1e-09	7.48e-24
0	0.6971358	0.69712985	0	2.8541536e-19	-5.899594e-20	0.7853982	0.4	56	1e-09	7.48e-24
0	0.9993589	1.468524e-09	0	2.9832843e-19	-5.724328e-20	0	0.4	55	1e-09	7.16e-24
0	0.6986078	0.69860214	0	2.790298e-19	-5.6591297e-20	0.7853982	0.4	55	1e-09	7.16e-24
0	0.99936616	7.417319e-10	0	2.9462093e-19	-5.596451e-20	0	0.4	54	1e-09	7e-24
0	0.69854325	0.698537	0	2.752635e-19	-5.532156e-20	0.7853982	0.4	54	1e-09	7e-24
0	0.99939364	1.1031738e-09	0	2.8580085e-19	-5.37274e-20	0	0.4	53	1e-09	6.72e-24
0	0.6998706	0.6998651	0	2.6975443e-19	-5.3209634e-20	0.7853982	0.4	53	1e-09	6.72e-24
0	0.9994012	1.8517312e-09	0	2.7768024e-19	-5.1169335e-20	0	0.4	52	1e-09	6.4e-24
0	0.6994013	0.69939584	0	2.605719e-19	-5.064186e-20	0.7853982	0.4	52	1e-09	6.4e-24
0	0.9995626	1.9771644e-09	0	2.738059e-19	-4.909851e-20	0	0.4	51	1e-09	6.14e-24
0	0.69933575	0.69933176	0	2.5609147e-19	-4.858004e-20	0.7853982	0.4	51	1e-09	6.14e-24
0	0.9995452	2.9315494e-09	0	2.6701377e-19	-4.7498385e-20	0	0.4	50	1e-09	5.94e-24
0	0.6996445	0.69964087	0	2.5015531e-19	-4.701839e-20	0.7853982	0.4	50	1e-09	5.94e-24
0	0.9995479	1.0473294e-09	0	2.595561e-19	-4.5579384e-20	0	0.4	49	1e-09	5.7e-24
0	0.70055884	0.7005546	0	2.450098e-19	-4.51776e-20	0.7853982	0.4	49	1e-09	5.7e-24
0	0.9995592	2.0950524e-09	0	2.5369485e-19	-4.39806e-20	0	0.4	48	1e-09	5.5e-24
0	0.7005884	0.7005848	0	2.3931398e-19	-4.3594286e-20	0.7853982	0.4	48	1e-09	5.5e-24
0	0.99959934	1.9954383e-09	0	2.4709092e-19	-4.206314e-20	0	0.4	47	1e-09	5.26e-24
0	0.7011419	0.7011383	0	2.340105e-19	-4.1724926e-20	0.7853982	0.4	47	1e-09	5.26e-24
0	0.9996366	1.4409318e-09	0	2.3993245e-19	-3.9825515e-20	0	0.4	46	1e-09	4.98e-24
0	0.7004051	0.70040137	0	2.250918e-19	-3.946231e-20	0.7853982	0.4	46	1e-09	4.98e-24
0	0.9997068	4.0454323e-10	0	2.3473116e-19	-3.838874e-20	0	0.4	45	1e-09	4.8e-24
0	0.7013658	0.7013627	0	2.219616e-19	-3.808815e-20	0.7853982	0.4	45	1e-09	4.8e-24
0	0.9996759	1.6147608e-09	0	2.2823066e-19	-3.710797e-20	0	0.4	44	1e-09	4.64e-24
0	0.7016282	0.7016251	0	2.1612319e-19	-3.6832314e-20	0.7853982	0.4	44	1e-09	4.64e-24
0	0.99969083	2.989042e-11	0	2.2123925e-19	-3.550902e-20	0	0.4	43	1e-09	4.44e-24
0	0.70263946	0.70263684	0	2.11525e-19	-3.529553e-20	0.7853982	0.4	43	1e-09	4.44e-24
0	0.9997237	2.8660344e-10	0	2.1539133e-19	-3.3590716e-20	0	0.4	42	1e-09	4.2e-24
0	0.7017676	0.701765	0	2.038565e-19	-3.3346232e-20	0.7853982	0.4	42	1e-09	4.2e-24
0	0.9997782	1.8226641e-10	0	2.0833813e-19	-3.1672975e-20	0	0.4	41	1e-09	3.96e-24
0	0.7021267	0.70212454	0	1.9753098e-19	-3.1456832e-20	0.7853982	0.4	41	1e-09	3.96e-24
0	0.999813	6.966824e-10	0	2.0490954e-19	-3.087423e-20	0	0.4	40	1e-09	3.86e-24
0	0.70221776	0.7022161	0	1.9419167e-19	-3.066645e-20	0.7853982	0.4	40	1e-09	3.86e-24
0	0.99980444	3.7786202e-10	0	1.9260457e-19	-2.8634398e-20	0	0.4	39	1e-09	3.58e-24
0	0.70368236	0.703681	0	1.8511021e-19	-2.8501274e-20	0.7853982	0.4	39	1e-09	3.58e-24
0	0.99978673	4.9459686e-10	0	1.8936213e-19	-2.76741e-20	0	0.4	38	1e-09	3.46e-24
0	0.7030371	0.7030352	0	1.8061032e-19	-2.752065e-20	0.7853982	0.4	38	1e-09	3.46e-24
0	0.99980295	-5.336305e-10	0	1.7911575e-19	-2.5754924e-20	0	0.4	37	1e-09	3.22e-24
0	0.704253	0.7042518	0	1.7307432e-19	-2.5656013e-20	0.7853982	0.4	37	1e-09	3.22e-24
0	0.9998206	-1.4978277e-10	0	1.77678e-19	-2.511549e-20	0	0.4	36	1e-09	3.14e-24
0	0.7036407	0.7036392	0	1.7032899e-19	-2.4996846e-20	0.7853982	0.4	36	1e-09	3.14e-24
0	0.99988997	7.9687107e-10	0	1.6719281e-19	-2.27175e-20	0	0.4	35	1e-09	2.84e-24
0	0.7039399	0.7039389	0	1.6037186e-19	-2.2618225e-20	0.7853982	0.4	35	1e-09	2.84e-24
0	0.9998853	1.6880222e-10	0	1.6620412e-19	-2.2397432e-20	0	0.4	34	1e-09	2.8e-24
0	0.7036535	0.7036524	0	1.5887874e-19	-2.2290587e-20	0.7853982	0.4	34	1e-09	2.8e-24
0	0.99988216	-1.1550583e-10	0	1.5455647e-19	-2.0477583e-20	0	0.4	33	1e-09	2.56e-24
0	0.70479983	0.7047991	0	1.4963356e-19	-2.0413174e-20	0.7853982	0.4	33	1e-09	2.56e-24
0	0.9998738	1.3301882e-09	0	1.5086451e-19	-1.9517533e-20	0	0.4	32	1e-09	2.44e-24
0	0.7042109	0.70420986	0	1.4483493e-19	-1.9440042e-20	0.7853982	0.4	32	1e-09	2.44e-24
0	0.9999036	3.0329256e-10	0	1.429691e-19	-1.823824e-20	0	0.4	31	1e-09	2.28e-24
0	0.7052265	0.7052261	0	1.3902288e-19	-1.8191492e-20	0.7853982	0.4	31	1e-09	2.28e-24
0	0.99992245	2.026489e-10	0	1.4001e-19	-1.7278659e-20	0	0.4	30	1e-09	2.16e-24
0	0.70438045	0.7043798	0	1.3440491e-19	-1.7213365e-20	0.7853982	0.4	30	1e-09	2.16e-24
0	0.99994606	1.2664576e-09	0	1.3119789e-19	-1.5839147e-20	0	0.4	29	1e-09	1.98e-24
0	0.7052126	0.70521224	0	1.27217e-19	-1.5797563e-20	0.7853982	0.4	29	1e-09	1.98e-24
0	0.99994063	9.2177777e-10	0	1.2564331e-19	-1.4879118e-20	0	0.4	28	1e-09	1.86e-24
0	0.70521325	0.705213	0	1.2169644e-19	-1.4840148e-20	0.7853982	0.4	28	1e-09	1.86e-24
0	0.99993813	1.6289585e-10	0	1.1733154e-19	-1.3599158e-20	0	0.4	27	1e-09	1.7e-24
0	0.7056617	0.7056615	0	1.1434788e-19	-1.3572203e-20	0.7853982	0.4	27	1e-09	1.7e-24
0	0.9999382	6.2442984e-10	0	1.1232255e-19	-1.29592e-20	0	0.4	26	1e-09	1.62e-24
0	0.70600075	0.7060006	0	1.0995076e-19	-1.2939725e-20	0.7853982	0.4	26	1e-09	1.62e-24
0	0.99996793	7.016814e-10	0	1.0652992e-19	-1.1679625e-20	0	0.4	25	1e-09	1.46e-24
0	0.7057449	0.70574474	0	1.03774655e-19	-1.16575024e-20	0.7853982	0.4	25	1e-09	1.46e-24
0	0.9999748	4.374394e-10	0	9.9561475e-20	-1.0559733e-20	0	0.4	24	1e-09	1.32e-24
0	0.70558035	0.70558023	0	9.649508e-20	-1.0537203e-20	0.7853982	0.4	24	1e-09	1.32e-24
0	0.9999749	2.455049e-10	0	9.4792895e-20	-9.91975e-21	0	0.4	23	1e-09	1.24e-24
0	0.7060626	0.70606256	0	9.2685885e-20	-9.90535e-21	0.7853982	0.4	23	1e-09	1.24e-24
0	0.99997294	9.1325814e-10	0	8.93762e-20	-9.279749e-21	0	0.4	22	1e-09	1.16e-24
0	0.7062778	0.7062777	0	8.760955e-20	-9.2691186e-21	0.7853982	0.4	22	1e-09	1.16e-24
0	0.9999718	9.447552e-10	0	8.235628e-20	-8.319765e-21	0	0.4	21	1e-09	1.04e-24
0	0.7065283	0.70652825	0	8.1150056e-20	-8.3131934e-21	0.7853982	0.4	21	1e-09	1.04e-24
0	0.99997616	7.912604e-10	0	7.8088945e-20	-7.679816e-21	0	0.4	20	1e-09	9.6e-25
0	0.7064603	0.70646024	0	7.67629e-20	-7.6729774e-21	0.7853982	0.4	20	1e-09	9.6e-25
0	0.99998665	1.12257634e-10	0	7.146159e-20	-6.71991e-21	0	0.4	19	1e-09	8.4e-25
0	0.7065206	0.70652056	0	7.030594e-20	-6.71443e-21	0.7853982	0.4	19	1e-09	8.4e-25
0	0.99999106	6.0626426e-10	0	6.567111e-20	-5.919947e-21	0	0.4	18	1e-09	7.4e-25
0	0.7063312	0.7063312	0	6.420194e-20	-5.913507e-21	0.7853982	0.4	18	1e-09	7.4e-25
0	0.99999326	5.122274e-10	0	6.215454e-20	-5.599962e-21	0	0.4	17	1e-09	7e-25
0	0.7067642	0.7067642	0	6.145233e-20	-5.5972864e-21	0.7853982	0.4	17	1e-09	7e-25
0	0.9999907	1.3462869e-09	0	5.670292e-20	-4.959954e-21	0	0.4	16	1e-09	6.2e-25
0	0.70674044	0.7067403	0	5.595267e-20	-4.9574303e-21	0.7853982	0.4	16	1e-09	6.2e-25
0	0.9999922	3.1199307e-10	0	4.7814248e-20	-3.9999688e-21	0	0.4	15	1e-09	5e-25
0	0.70692724	0.7069272	0	4.7435306e-20	-3.9989837e-21	0.7853982	0.4	15	1e-09	5e-25
0	0.9999962	1.6260183e-10	0	4.6063084e-20	-3.6799856e-21	0	0.4	14	1e-09	4.6e-25
0	0.7066953	0.7066953	0	4.5345734e-20	-3.6778587e-21	0.7853982	0.4	14	1e-09	4.6e-25
0	0.9999989	2.6435978e-10	0	3.7931857e-20	-2.8799965e-21	0	0.4	13	1e-09	3.6e-25
0	0.7068847	0.7068846	0	3.7533925e-20	-2.8790956e-21	0.7853982	0.4	13	1e-09	3.6e-25
0	0.9999989	2.869961e-10	0	3.7931857e-20	-2.8799965e-21	0	0.4	12	1e-09	3.6e-25
0	0.7068847	0.7068847	0	3.7533925e-20	-2.8790956e-21	0.7853982	0.4	12	1e-09	3.6e-25
0	0.99999917	1.4967684e-10	0	3.0537534e-20	-2.239998e-21	0	0.4	11	1e-09	2.8e-25
0	0.70705307	0.70705307	0	3.0419816e-20	-2.2398296e-21	0.7853982	0.4	11	1e-09	2.8e-25
0	0.9999984	3.7713713e-10	0	2.7444066e-20	-1.9199967e-21	0	0.4	10	1e-09	2.4e-25
0	0.70698047	0.7069805	0	2.721885e-20	-1.9196568e-21	0.7853982	0.4	10	1e-09	2.4e-25
