# t (s)	mx ()	my ()	mz ()	E_total (J)	E_Zeeman (J)	Angle (rad)	Length (nm)
0	0.9999883	-1.1232745e-10	0	-1.5623486e-16	-1.5719817e-16	0	100
0	0.9949923	0.099834785	0	-1.562349e-16	-1.5719817e-16	0.1	100
0	0.9800539	0.19867155	0	-1.5623495e-16	-1.571981e-16	0.2	100
0	0.95532274	0.29552236	0	-1.56235e-16	-1.5719803e-16	0.3	100
0	0.92104656	0.38941926	0	-1.5623513e-16	-1.5719796e-16	0.4	100
0	0.8775678	0.4794243	0	-1.5623524e-16	-1.5719789e-16	0.5	100
0	0.8253217	0.56463826	0	-1.5623532e-16	-1.5719783e-16	0.6	100
0	0.76482993	0.6442103	0	-1.5623535e-16	-1.5719776e-16	0.7	100
0	0.69669706	0.7173456	0	-1.562354e-16	-1.5719779e-16	0.8	100
0	0.6216035	0.78331405	0	-1.5623535e-16	-1.5719779e-16	0.9	100
0	0.54029906	0.8414567	0	-1.562353e-16	-1.5719784e-16	1	100
0	0.45359564	0.8911926	0	-1.562352e-16	-1.571979e-16	1.1	100
0	0.3623592	0.9320248	0	-1.5623511e-16	-1.5719799e-16	1.2	100
0	0.2675011	0.9635448	0	-1.56235e-16	-1.5719807e-16	1.3	100
0	0.1699692	0.9854373	0	-1.5623492e-16	-1.5719812e-16	1.4	100
0	0.070738204	0.99748325	0	-1.5623488e-16	-1.5719817e-16	1.5	100
0	-0.029199947	0.99956197	0	-1.5623487e-16	-1.5719817e-16	1.6	100
0	-0.12884618	0.9916527	0	-1.562349e-16	-1.5719816e-16	1.7	100
0	-0.22720441	0.97383463	0	-1.5623498e-16	-1.571981e-16	1.8	100
0	-0.32329148	0.9462862	0	-1.5623507e-16	-1.5719804e-16	1.9	100
0	-0.41614723	0.9092828	0	-1.5623515e-16	-1.5719793e-16	2	100
0	-0.50484407	0.8631949	0	-1.5623527e-16	-1.5719787e-16	2.1	100
0	-0.58849597	0.8084829	0	-1.5623535e-16	-1.5719781e-16	2.2	100
0	-0.6662676	0.7456937	0	-1.5623537e-16	-1.5719777e-16	2.3	100
0	-0.7373825	0.6754545	0	-1.5623539e-16	-1.5719775e-16	2.4	100
0	-0.8011302	0.5984666	0	-1.5623532e-16	-1.5719779e-16	2.5	100
0	-0.85687435	0.51549894	0	-1.5623529e-16	-1.5719788e-16	2.6	100
0	-0.90405744	0.42738006	0	-1.562352e-16	-1.5719795e-16	2.7	100
0	-0.94220823	0.33499002	0	-1.5623507e-16	-1.5719801e-16	2.8	100
0	-0.9709451	0.23925164	0	-1.5623496e-16	-1.5719807e-16	2.9	100
0	-0.9899803	0.1411218	0	-1.5623491e-16	-1.5719816e-16	3	100
0	-0.99912345	0.041581266	0	-1.5623484e-16	-1.5719816e-16	3.1	100
0	-0.9982831	-0.05837498	0	-1.562349e-16	-1.571982e-16	3.2	100
0	-0.98746747	-0.15774764	0	-1.5623495e-16	-1.5719816e-16	3.3	100
0	-0.96678483	-0.25554338	0	-1.56235e-16	-1.5719809e-16	3.4	100
0	-0.93644255	-0.3507848	0	-1.5623508e-16	-1.5719799e-16	3.5	100
0	-0.8967437	-0.4425202	0	-1.5623517e-16	-1.5719789e-16	3.6	100
0	-0.84808564	-0.52983326	0	-1.5623529e-16	-1.5719784e-16	3.7	100
0	-0.79095465	-0.6118518	0	-1.5623536e-16	-1.571978e-16	3.8	100
0	-0.72592145	-0.68775684	0	-1.562354e-16	-1.5719779e-16	3.9	100
0	-0.6536357	-0.7567906	0	-1.5623536e-16	-1.5719776e-16	4	100
0	-0.5748194	-0.81826335	0	-1.562353e-16	-1.5719779e-16	4.1	100
0	-0.49025923	-0.8715611	0	-1.5623523e-16	-1.5719787e-16	4.2	100
0	-0.40079993	-0.91615134	0	-1.5623513e-16	-1.5719795e-16	4.3	100
0	-0.3073349	-0.95158833	0	-1.5623504e-16	-1.5719803e-16	4.4	100
0	-0.21079808	-0.97751725	0	-1.5623496e-16	-1.571981e-16	4.5	100
0	-0.112154044	-0.993679	0	-1.5623488e-16	-1.5719816e-16	4.6	100
0	-0.012388845	-0.99991155	0	-1.5623487e-16	-1.5719817e-16	4.7	100
0	0.08750019	-0.99615276	0	-1.5623487e-16	-1.5719816e-16	4.8	100
0	0.18651453	-0.98243994	0	-1.5623494e-16	-1.5719812e-16	4.9	100
0	0.28366435	-0.9589107	0	-1.5623502e-16	-1.5719805e-16	5	100
0	0.3779789	-0.92580026	0	-1.5623512e-16	-1.5719797e-16	5.1	100
0	0.46851575	-0.8834401	0	-1.5623523e-16	-1.5719788e-16	5.2	100
0	0.55437046	-0.8322534	0	-1.562353e-16	-1.5719784e-16	5.3	100
0	0.63468575	-0.772752	0	-1.5623536e-16	-1.5719777e-16	5.4	100
0	0.7086597	-0.7055304	0	-1.5623536e-16	-1.5719775e-16	5.5	100
0	0.7755533	-0.6312597	0	-1.5623536e-16	-1.5719779e-16	5.6	100
0	0.8346986	-0.5506818	0	-1.5623527e-16	-1.5719779e-16	5.7	100
0	0.88550484	-0.46460137	0	-1.562352e-16	-1.5719788e-16	5.8	100
0	0.927464	-0.37387788	0	-1.5623513e-16	-1.5719799e-16	5.9	100
0	0.96015674	-0.27941772	0	-1.56235e-16	-1.5719804e-16	6	100
0	0.9832559	-0.18216462	0	-1.5623494e-16	-1.5719813e-16	6.1	100
0	0.99653035	-0.08309057	0	-1.5623487e-16	-1.5719816e-16	6.2	100
0	0.9999862	-4.6529825e-11	0	-1.5296736e-16	-1.5391786e-16	0	95
0	0.99499047	0.099830665	0	-1.5296736e-16	-1.539179e-16	0.1	95
0	0.98005384	0.19866413	0	-1.5296732e-16	-1.5391792e-16	0.2	95
0	0.95532477	0.29551312	0	-1.5296728e-16	-1.5391797e-16	0.3	95
0	0.9210504	0.38941002	0	-1.5296724e-16	-1.5391804e-16	0.4	95
0	0.87757313	0.47941673	0	-1.5296714e-16	-1.5391805e-16	0.5	95
0	0.8253269	0.5646336	0	-1.5296711e-16	-1.5391812e-16	0.6	95
0	0.76483375	0.6442091	0	-1.5296707e-16	-1.5391813e-16	0.7	95
0	0.69669825	0.71734774	0	-1.5296708e-16	-1.5391817e-16	0.8	95
0	0.6216013	0.78331846	0	-1.5296712e-16	-1.5391817e-16	0.9	95
0	0.54029346	0.84146214	0	-1.5296714e-16	-1.5391812e-16	1	95
0	0.45358738	0.8911976	0	-1.5296718e-16	-1.5391805e-16	1.1	95
0	0.36234978	0.93202823	0	-1.5296723e-16	-1.5391801e-16	1.2	95
0	0.26749226	0.96354616	0	-1.5296727e-16	-1.5391793e-16	1.3	95
0	0.16996263	0.98543656	0	-1.5296731e-16	-1.5391788e-16	1.4	95
0	0.07073523	0.9974812	0	-1.5296735e-16	-1.5391786e-16	1.5	95
0	-0.029198706	0.99955976	0	-1.5296735e-16	-1.5391785e-16	1.6	95
0	-0.128841	0.9916513	0	-1.5296732e-16	-1.5391786e-16	1.7	95
0	-0.22719628	0.9738352	0	-1.5296731e-16	-1.5391792e-16	1.8	95
0	-0.32328203	0.94628876	0	-1.5296725e-16	-1.53918e-16	1.9	95
0	-0.41613832	0.9092873	0	-1.529672e-16	-1.5391805e-16	2	95
0	-0.5048372	0.8632001	0	-1.5296715e-16	-1.5391809e-16	2.1	95
0	-0.58849233	0.8084878	0	-1.5296711e-16	-1.5391814e-16	2.2	95
0	-0.6662674	0.7456968	0	-1.5296708e-16	-1.5391816e-16	2.3	95
0	-0.73738533	0.6754546	0	-1.5296707e-16	-1.5391814e-16	2.4	95
0	-0.801135	0.59846336	0	-1.5296712e-16	-1.5391817e-16	2.5	95
0	-0.85687965	0.51549244	0	-1.5296712e-16	-1.5391806e-16	2.6	95
0	-0.90406215	0.42737126	0	-1.5296719e-16	-1.5391805e-16	2.7	95
0	-0.94221115	0.33498052	0	-1.5296723e-16	-1.5391796e-16	2.8	95
0	-0.97094584	0.23924327	0	-1.5296728e-16	-1.5391792e-16	2.9	95
0	-0.9899791	0.14111619	0	-1.5296732e-16	-1.5391788e-16	3	95
0	-0.9991213	0.041579504	0	-1.5296732e-16	-1.5391785e-16	3.1	95
0	-0.998281	-0.058372516	0	-1.5296735e-16	-1.5391786e-16	3.2	95
0	-0.9874666	-0.15774146	0	-1.5296731e-16	-1.5391788e-16	3.3	95
0	-0.96678597	-0.2555347	0	-1.5296728e-16	-1.5391794e-16	3.4	95
0	-0.9364458	-0.35077536	0	-1.5296722e-16	-1.5391797e-16	3.5	95
0	-0.8967486	-0.44251177	0	-1.529672e-16	-1.5391808e-16	3.6	95
0	-0.8480911	-0.52982724	0	-1.5296714e-16	-1.5391812e-16	3.7	95
0	-0.79095924	-0.6118491	0	-1.529671e-16	-1.5391814e-16	3.8	95
0	-0.72592384	-0.68775773	0	-1.5296706e-16	-1.5391814e-16	3.9	95
0	-0.653635	-0.75679415	0	-1.5296708e-16	-1.5391818e-16	4	95
0	-0.57481515	-0.8182685	0	-1.5296712e-16	-1.5391813e-16	4.1	95
0	-0.490252	-0.8715664	0	-1.5296716e-16	-1.5391808e-16	4.2	95
0	-0.40079078	-0.9161556	0	-1.5296722e-16	-1.5391802e-16	4.3	95
0	-0.30732563	-0.9515905	0	-1.5296727e-16	-1.5391797e-16	4.4	95
0	-0.21079035	-0.97751737	0	-1.5296731e-16	-1.5391792e-16	4.5	95
0	-0.11214946	-0.9936775	0	-1.5296733e-16	-1.5391786e-16	4.6	95
0	-0.012388317	-0.9999094	0	-1.5296735e-16	-1.5391786e-16	4.7	95
0	0.08749657	-0.996151	0	-1.5296735e-16	-1.5391786e-16	4.8	95
0	0.18650745	-0.9824397	0	-1.5296731e-16	-1.539179e-16	4.9	95
0	0.2836553	-0.95891243	0	-1.5296727e-16	-1.5391796e-16	5	95
0	0.37796953	-0.9258041	0	-1.5296723e-16	-1.5391801e-16	5.1	95
0	0.4685079	-0.8834451	0	-1.5296718e-16	-1.5391808e-16	5.2	95
0	0.55436546	-0.8322587	0	-1.5296712e-16	-1.5391814e-16	5.3	95
0	0.6346842	-0.7727561	0	-1.5296711e-16	-1.5391814e-16	5.4	95
0	0.7086614	-0.7055319	0	-1.5296707e-16	-1.5391814e-16	5.5	95
0	0.7755574	-0.631258	0	-1.5296711e-16	-1.5391817e-16	5.6	95
0	0.834704	-0.5506767	0	-1.5296714e-16	-1.5391813e-16	5.7	95
0	0.8855099	-0.4645934	0	-1.529672e-16	-1.5391809e-16	5.8	95
0	0.9274677	-0.37386855	0	-1.5296723e-16	-1.5391801e-16	5.9	95
0	0.96015835	-0.2794087	0	-1.529673e-16	-1.5391796e-16	6	95
0	0.9832554	-0.1821577	0	-1.5296731e-16	-1.5391792e-16	6.1	95
0	0.9965283	-0.0830871	0	-1.5296736e-16	-1.5391788e-16	6.2	95
0	0.9999851	-7.5476035e-11	0	-1.5033682e-16	-1.5127777e-16	0	90
0	0.9949898	0.09982871	0	-1.503368e-16	-1.5127777e-16	0.1	90
0	0.98005384	0.19866064	0	-1.503367e-16	-1.5127786e-16	0.2	90
0	0.9553259	0.29550877	0	-1.5033661e-16	-1.5127794e-16	0.3	90
0	0.9210526	0.3894057	0	-1.503365e-16	-1.512781e-16	0.4	90
0	0.8775758	0.47941318	0	-1.5033636e-16	-1.512782e-16	0.5	90
0	0.8253296	0.5646314	0	-1.5033626e-16	-1.5127831e-16	0.6	90
0	0.7648358	0.6442086	0	-1.5033622e-16	-1.5127839e-16	0.7	90
0	0.6966989	0.7173488	0	-1.5033619e-16	-1.5127839e-16	0.8	90
0	0.6216004	0.7833207	0	-1.5033621e-16	-1.5127836e-16	0.9	90
0	0.54029083	0.8414649	0	-1.503363e-16	-1.5127827e-16	1	90
0	0.4535836	0.8912002	0	-1.503364e-16	-1.5127817e-16	1.1	90
0	0.36234528	0.93203	0	-1.5033652e-16	-1.5127803e-16	1.2	90
0	0.26748803	0.9635469	0	-1.5033664e-16	-1.5127791e-16	1.3	90
0	0.16995952	0.9854365	0	-1.5033674e-16	-1.5127781e-16	1.4	90
0	0.07073383	0.9974805	0	-1.503368e-16	-1.5127777e-16	1.5	90
0	-0.029198116	0.9995588	0	-1.5033681e-16	-1.5127777e-16	1.6	90
0	-0.12883854	0.99165094	0	-1.5033677e-16	-1.512778e-16	1.7	90
0	-0.22719243	0.97383547	0	-1.5033669e-16	-1.5127789e-16	1.8	90
0	-0.3232776	0.9462901	0	-1.5033658e-16	-1.5127799e-16	1.9	90
0	-0.41613412	0.90928954	0	-1.5033645e-16	-1.5127813e-16	2	90
0	-0.50483406	0.86320287	0	-1.5033632e-16	-1.5127822e-16	2.1	90
0	-0.5884907	0.80849034	0	-1.5033625e-16	-1.5127832e-16	2.2	90
0	-0.6662675	0.7456985	0	-1.5033619e-16	-1.5127839e-16	2.3	90
0	-0.7373868	0.67545485	0	-1.5033619e-16	-1.5127839e-16	2.4	90
0	-0.80113757	0.5984619	0	-1.5033621e-16	-1.5127832e-16	2.5	90
0	-0.8568824	0.51548946	0	-1.5033632e-16	-1.5127824e-16	2.6	90
0	-0.90406454	0.4273672	0	-1.5033644e-16	-1.5127814e-16	2.7	90
0	-0.94221264	0.33497605	0	-1.5033653e-16	-1.5127797e-16	2.8	90
0	-0.97094625	0.2392393	0	-1.5033669e-16	-1.512779e-16	2.9	90
0	-0.98997873	0.1411135	0	-1.5033677e-16	-1.5127781e-16	3	90
0	-0.9991205	0.041578665	0	-1.5033681e-16	-1.5127776e-16	3.1	90
0	-0.99828017	-0.05837135	0	-1.5033681e-16	-1.5127777e-16	3.2	90
0	-0.9874662	-0.15773854	0	-1.5033677e-16	-1.5127782e-16	3.3	90
0	-0.9667867	-0.25553063	0	-1.5033666e-16	-1.5127791e-16	3.4	90
0	-0.9364474	-0.35077092	0	-1.5033653e-16	-1.5127803e-16	3.5	90
0	-0.89675105	-0.4425077	0	-1.5033642e-16	-1.5127817e-16	3.6	90
0	-0.84809375	-0.5298245	0	-1.5033629e-16	-1.5127826e-16	3.7	90
0	-0.7909616	-0.611848	0	-1.5033621e-16	-1.5127835e-16	3.8	90
0	-0.7259252	-0.68775815	0	-1.5033617e-16	-1.5127839e-16	3.9	90
0	-0.6536348	-0.75679594	0	-1.503362e-16	-1.5127838e-16	4	90
0	-0.5748133	-0.8182709	0	-1.5033626e-16	-1.5127832e-16	4.1	90
0	-0.4902486	-0.8715691	0	-1.5033634e-16	-1.5127822e-16	4.2	90
0	-0.40078652	-0.9161578	0	-1.5033645e-16	-1.5127809e-16	4.3	90
0	-0.30732122	-0.9515918	0	-1.5033658e-16	-1.5127798e-16	4.4	90
0	-0.21078669	-0.9775177	0	-1.503367e-16	-1.5127786e-16	4.5	90
0	-0.11214728	-0.9936769	0	-1.5033678e-16	-1.5127777e-16	4.6	90
0	-0.012388066	-0.9999084	0	-1.5033681e-16	-1.5127776e-16	4.7	90
0	0.087494835	-0.9961502	0	-1.5033678e-16	-1.5127777e-16	4.8	90
0	0.18650413	-0.98243964	0	-1.5033673e-16	-1.5127782e-16	4.9	90
0	0.28365096	-0.9589134	0	-1.5033664e-16	-1.5127794e-16	5	90
0	0.37796515	-0.9258061	0	-1.503365e-16	-1.5127806e-16	5.1	90
0	0.46850425	-0.8834477	0	-1.5033637e-16	-1.5127819e-16	5.2	90
0	0.55436313	-0.8322614	0	-1.5033628e-16	-1.5127831e-16	5.3	90
0	0.6346835	-0.7727581	0	-1.503362e-16	-1.5127836e-16	5.4	90
0	0.7086623	-0.7055327	0	-1.5033619e-16	-1.512784e-16	5.5	90
0	0.77555954	-0.63125724	0	-1.5033621e-16	-1.5127836e-16	5.6	90
0	0.8347067	-0.55067426	0	-1.5033628e-16	-1.5127828e-16	5.7	90
0	0.88551253	-0.46458972	0	-1.5033638e-16	-1.5127818e-16	5.8	90
0	0.9274697	-0.3738641	0	-1.5033649e-16	-1.5127803e-16	5.9	90
0	0.9601593	-0.27940443	0	-1.5033665e-16	-1.5127795e-16	6	90
0	0.9832554	-0.1821544	0	-1.5033673e-16	-1.5127785e-16	6.1	90
0	0.9965276	-0.08308546	0	-1.503368e-16	-1.5127777e-16	6.2	90
0	0.9999827	-7.50822e-11	0	-1.4643082e-16	-1.4735745e-16	0	85
0	0.9949881	0.099824645	0	-1.4643078e-16	-1.473575e-16	0.1	85
0	0.9800535	0.1986533	0	-1.4643064e-16	-1.4735766e-16	0.2	85
0	0.9553277	0.29549962	0	-1.464304e-16	-1.4735787e-16	0.3	85
0	0.9210564	0.38939655	0	-1.4643015e-16	-1.4735811e-16	0.4	85
0	0.87758076	0.47940558	0	-1.464299e-16	-1.4735837e-16	0.5	85
0	0.82533455	0.5646269	0	-1.4642964e-16	-1.4735856e-16	0.6	85
0	0.7648394	0.64420736	0	-1.4642948e-16	-1.4735868e-16	0.7	85
0	0.6966999	0.7173506	0	-1.4642947e-16	-1.4735875e-16	0.8	85
0	0.621598	0.78332496	0	-1.4642955e-16	-1.4735868e-16	0.9	85
0	0.5402852	0.84147	0	-1.4642972e-16	-1.4735853e-16	1	85
0	0.45357537	0.8912049	0	-1.4642993e-16	-1.473583e-16	1.1	85
0	0.3623359	0.9320333	0	-1.4643021e-16	-1.4735804e-16	1.2	85
0	0.26747924	0.9635481	0	-1.4643046e-16	-1.4735779e-16	1.3	85
0	0.16995299	0.98543566	0	-1.4643066e-16	-1.4735758e-16	1.4	85
0	0.0707309	0.99747825	0	-1.4643081e-16	-1.4735747e-16	1.5	85
0	-0.029196883	0.9995563	0	-1.4643082e-16	-1.4735746e-16	1.6	85
0	-0.1288334	0.9916494	0	-1.4643073e-16	-1.4735753e-16	1.7	85
0	-0.22718441	0.9738358	0	-1.4643057e-16	-1.473577e-16	1.8	85
0	-0.32326823	0.9462925	0	-1.464303e-16	-1.4735792e-16	1.9	85
0	-0.41612524	0.9092939	0	-1.4643007e-16	-1.4735819e-16	2	85
0	-0.5048272	0.863208	0	-1.464298e-16	-1.4735843e-16	2.1	85
0	-0.5884869	0.80849516	0	-1.4642959e-16	-1.4735861e-16	2.2	85
0	-0.6662673	0.74570155	0	-1.4642951e-16	-1.4735875e-16	2.3	85
0	-0.7373895	0.675455	0	-1.464295e-16	-1.4735873e-16	2.4	85
0	-0.80114216	0.59845865	0	-1.464296e-16	-1.4735865e-16	2.5	85
0	-0.8568876	0.51548296	0	-1.4642976e-16	-1.4735845e-16	2.6	85
0	-0.9040689	0.42735848	0	-1.4643005e-16	-1.4735824e-16	2.7	85
0	-0.94221526	0.33496663	0	-1.4643029e-16	-1.4735796e-16	2.8	85
0	-0.9709467	0.23923102	0	-1.4643053e-16	-1.4735773e-16	2.9	85
0	-0.98997754	0.14110795	0	-1.4643071e-16	-1.4735755e-16	3	85
0	-0.99911803	0.041576926	0	-1.4643082e-16	-1.4735747e-16	3.1	85
0	-0.9982779	-0.05836891	0	-1.4643082e-16	-1.4735747e-16	3.2	85
0	-0.98746514	-0.15773241	0	-1.4643071e-16	-1.473576e-16	3.3	85
0	-0.96678746	-0.25552204	0	-1.464305e-16	-1.4735778e-16	3.4	85
0	-0.93645036	-0.35076156	0	-1.4643024e-16	-1.47358e-16	3.5	85
0	-0.89675564	-0.44249937	0	-1.4642997e-16	-1.4735824e-16	3.6	85
0	-0.848099	-0.5298185	0	-1.4642972e-16	-1.4735848e-16	3.7	85
0	-0.7909659	-0.6118453	0	-1.4642955e-16	-1.4735865e-16	3.8	85
0	-0.72592735	-0.68775886	0	-1.4642948e-16	-1.4735875e-16	3.9	85
0	-0.65363395	-0.75679934	0	-1.464295e-16	-1.473587e-16	4	85
0	-0.57480896	-0.818276	0	-1.4642963e-16	-1.473586e-16	4.1	85
0	-0.4902414	-0.8715742	0	-1.4642984e-16	-1.4735839e-16	4.2	85
0	-0.40077746	-0.91616166	0	-1.4643009e-16	-1.4735815e-16	4.3	85
0	-0.30731198	-0.95159376	0	-1.4643036e-16	-1.4735789e-16	4.4	85
0	-0.21077904	-0.9775176	0	-1.4643058e-16	-1.4735766e-16	4.5	85
0	-0.11214275	-0.99367523	0	-1.4643075e-16	-1.473575e-16	4.6	85
0	-0.012387543	-0.999906	0	-1.4643083e-16	-1.4735745e-16	4.7	85
0	0.08749124	-0.9961482	0	-1.4643078e-16	-1.4735749e-16	4.8	85
0	0.18649712	-0.9824391	0	-1.4643064e-16	-1.4735762e-16	4.9	85
0	0.283642	-0.95891494	0	-1.4643042e-16	-1.4735783e-16	5	85
0	0.37795585	-0.92580956	0	-1.4643017e-16	-1.473581e-16	5.1	85
0	0.4684964	-0.88345265	0	-1.464299e-16	-1.4735832e-16	5.2	85
0	0.554358	-0.8322665	0	-1.4642967e-16	-1.4735855e-16	5.3	85
0	0.6346819	-0.77276206	0	-1.4642954e-16	-1.473587e-16	5.4	85
0	0.7086638	-0.7055342	0	-1.4642946e-16	-1.473587e-16	5.5	85
0	0.77556354	-0.6312554	0	-1.4642954e-16	-1.473587e-16	5.6	85
0	0.83471185	-0.550669	0	-1.4642968e-16	-1.4735853e-16	5.7	85
0	0.8855174	-0.4645818	0	-1.4642992e-16	-1.4735834e-16	5.8	85
0	0.9274731	-0.37385482	0	-1.4643017e-16	-1.4735807e-16	5.9	85
0	0.96016073	-0.2793955	0	-1.4643041e-16	-1.4735779e-16	6	85
0	0.9832548	-0.18214753	0	-1.4643064e-16	-1.4735761e-16	6.1	85
0	0.9965256	-0.083082035	0	-1.4643078e-16	-1.4735747e-16	6.2	85
0	0.99998105	-1.0284544e-10	0	-1.42523e-16	-1.4343727e-16	0	80
0	0.99498683	0.099821664	0	-1.4252293e-16	-1.4343734e-16	0.1	80
0	0.98005337	0.19864796	0	-1.4252268e-16	-1.4343751e-16	0.2	80
0	0.95532906	0.29549298	0	-1.4252241e-16	-1.4343783e-16	0.3	80
0	0.92105913	0.38938984	0	-1.4252204e-16	-1.4343817e-16	0.4	80
0	0.8775846	0.47940013	0	-1.4252168e-16	-1.434385e-16	0.5	80
0	0.82533836	0.5646235	0	-1.4252137e-16	-1.4343877e-16	0.6	80
0	0.7648422	0.6442065	0	-1.425212e-16	-1.4343895e-16	0.7	80
0	0.6967009	0.7173522	0	-1.4252115e-16	-1.4343901e-16	0.8	80
0	0.62159646	0.78332806	0	-1.4252126e-16	-1.4343894e-16	0.9	80
0	0.5402812	0.8414739	0	-1.4252149e-16	-1.4343873e-16	1	80
0	0.45356944	0.8912086	0	-1.4252179e-16	-1.4343841e-16	1.1	80
0	0.36232916	0.93203586	0	-1.4252215e-16	-1.4343807e-16	1.2	80
0	0.26747286	0.963549	0	-1.425225e-16	-1.4343774e-16	1.3	80
0	0.16994822	0.985435	0	-1.4252278e-16	-1.4343746e-16	1.4	80
0	0.07072874	0.9974769	0	-1.4252295e-16	-1.4343731e-16	1.5	80
0	-0.029195989	0.9995548	0	-1.4252297e-16	-1.4343727e-16	1.6	80
0	-0.12882963	0.99164844	0	-1.4252288e-16	-1.4343739e-16	1.7	80
0	-0.22717857	0.97383606	0	-1.4252264e-16	-1.4343762e-16	1.8	80
0	-0.32326144	0.94629437	0	-1.425223e-16	-1.4343792e-16	1.9	80
0	-0.41611886	0.90929693	0	-1.4252195e-16	-1.4343828e-16	2	80
0	-0.5048223	0.8632119	0	-1.4252158e-16	-1.4343858e-16	2.1	80
0	-0.58848435	0.8084986	0	-1.4252133e-16	-1.4343885e-16	2.2	80
0	-0.6662671	0.74570376	0	-1.4252115e-16	-1.4343898e-16	2.3	80
0	-0.73739153	0.6754553	0	-1.4252117e-16	-1.4343901e-16	2.4	80
0	-0.8011457	0.59845626	0	-1.4252131e-16	-1.4343888e-16	2.5	80
0	-0.85689145	0.5154784	0	-1.4252154e-16	-1.4343862e-16	2.6	80
0	-0.90407217	0.42735213	0	-1.425219e-16	-1.434383e-16	2.7	80
0	-0.94221735	0.3349598	0	-1.4252225e-16	-1.4343795e-16	2.8	80
0	-0.97094727	0.23922502	0	-1.4252257e-16	-1.4343763e-16	2.9	80
0	-0.9899765	0.14110388	0	-1.4252285e-16	-1.4343742e-16	3	80
0	-0.9991164	0.041575644	0	-1.42523e-16	-1.4343729e-16	3.1	80
0	-0.99827635	-0.05836714	0	-1.4252295e-16	-1.4343729e-16	3.2	80
0	-0.98746455	-0.15772793	0	-1.425228e-16	-1.4343743e-16	3.3	80
0	-0.9667883	-0.25551578	0	-1.4252254e-16	-1.4343771e-16	3.4	80
0	-0.9364526	-0.3507547	0	-1.4252219e-16	-1.4343803e-16	3.5	80
0	-0.8967592	-0.4424932	0	-1.4252182e-16	-1.4343835e-16	3.6	80
0	-0.8481029	-0.52981424	0	-1.4252147e-16	-1.4343865e-16	3.7	80
0	-0.79096925	-0.61184335	0	-1.4252127e-16	-1.4343892e-16	3.8	80
0	-0.7259292	-0.6877594	0	-1.4252114e-16	-1.4343901e-16	3.9	80
0	-0.65363336	-0.75680196	0	-1.4252118e-16	-1.4343895e-16	4	80
0	-0.5748059	-0.8182796	0	-1.4252135e-16	-1.4343881e-16	4.1	80
0	-0.49023607	-0.8715781	0	-1.4252164e-16	-1.4343854e-16	4.2	80
0	-0.4007708	-0.9161647	0	-1.4252199e-16	-1.4343821e-16	4.3	80
0	-0.30730522	-0.95159537	0	-1.4252236e-16	-1.4343787e-16	4.4	80
0	-0.2107735	-0.9775176	0	-1.4252266e-16	-1.4343755e-16	4.5	80
0	-0.112139426	-0.9936739	0	-1.425229e-16	-1.4343737e-16	4.6	80
0	-0.012387162	-0.9999043	0	-1.4252298e-16	-1.4343727e-16	4.7	80
0	0.08748861	-0.9961468	0	-1.4252293e-16	-1.4343733e-16	4.8	80
0	0.186492	-0.9824388	0	-1.4252273e-16	-1.434375e-16	4.9	80
0	0.28363544	-0.95891625	0	-1.4252245e-16	-1.4343779e-16	5	80
0	0.37794915	-0.9258122	0	-1.4252208e-16	-1.4343812e-16	5.1	80
0	0.46849075	-0.8834563	0	-1.4252174e-16	-1.4343844e-16	5.2	80
0	0.55435437	-0.8322703	0	-1.4252143e-16	-1.4343877e-16	5.3	80
0	0.6346807	-0.772765	0	-1.4252122e-16	-1.4343895e-16	5.4	80
0	0.7086651	-0.7055353	0	-1.4252115e-16	-1.4343902e-16	5.5	80
0	0.7755665	-0.6312542	0	-1.4252121e-16	-1.4343893e-16	5.6	80
0	0.8347157	-0.5506653	0	-1.4252142e-16	-1.4343873e-16	5.7	80
0	0.885521	-0.46457598	0	-1.4252174e-16	-1.4343845e-16	5.8	80
0	0.9274758	-0.37384805	0	-1.4252212e-16	-1.4343812e-16	5.9	80
0	0.9601618	-0.27938896	0	-1.4252245e-16	-1.4343776e-16	6	80
0	0.9832544	-0.18214251	0	-1.4252277e-16	-1.4343751e-16	6.1	80
0	0.99652416	-0.08307954	0	-1.4252293e-16	-1.4343731e-16	6.2	80
0	0.9999787	5.432715e-11	0	-1.3829675e-16	-1.3919705e-16	0	75
0	0.99498487	0.099818684	0	-1.3829666e-16	-1.3919715e-16	0.1	75
0	0.98005265	0.19864258	0	-1.3829639e-16	-1.3919737e-16	0.2	75
0	0.95532984	0.29548627	0	-1.38296e-16	-1.3919772e-16	0.3	75
0	0.92106146	0.38938302	0	-1.3829557e-16	-1.3919815e-16	0.4	75
0	0.8775878	0.47939453	0	-1.3829514e-16	-1.3919856e-16	0.5	75
0	0.8253416	0.56461984	0	-1.3829474e-16	-1.3919889e-16	0.6	75
0	0.7648445	0.64420533	0	-1.3829449e-16	-1.3919912e-16	0.7	75
0	0.6967013	0.7173532	0	-1.3829446e-16	-1.3919918e-16	0.8	75
0	0.6215946	0.7833307	0	-1.3829457e-16	-1.3919907e-16	0.9	75
0	0.54027694	0.8414771	0	-1.3829487e-16	-1.3919883e-16	1	75
0	0.45356333	0.8912115	0	-1.3829524e-16	-1.3919842e-16	1.1	75
0	0.36232227	0.93203765	0	-1.3829569e-16	-1.3919802e-16	1.2	75
0	0.2674664	0.9635493	0	-1.3829614e-16	-1.3919761e-16	1.3	75
0	0.16994348	0.98543406	0	-1.3829649e-16	-1.3919728e-16	1.4	75
0	0.0707266	0.99747473	0	-1.382967e-16	-1.3919709e-16	1.5	75
0	-0.02919509	0.99955255	0	-1.3829675e-16	-1.3919707e-16	1.6	75
0	-0.12882587	0.99164677	0	-1.3829659e-16	-1.3919719e-16	1.7	75
0	-0.22717267	0.97383577	0	-1.382963e-16	-1.3919748e-16	1.8	75
0	-0.32325462	0.9462957	0	-1.3829589e-16	-1.3919785e-16	1.9	75
0	-0.4161122	0.9092995	0	-1.3829543e-16	-1.3919828e-16	2	75
0	-0.5048172	0.86321515	0	-1.3829499e-16	-1.3919865e-16	2.1	75
0	-0.5884815	0.80850166	0	-1.3829466e-16	-1.3919897e-16	2.2	75
0	-0.66626656	0.7457056	0	-1.382945e-16	-1.3919914e-16	2.3	75
0	-0.7373931	0.675455	0	-1.3829447e-16	-1.3919917e-16	2.4	75
0	-0.80114853	0.59845376	0	-1.3829463e-16	-1.3919901e-16	2.5	75
0	-0.85689485	0.51547337	0	-1.3829496e-16	-1.3919872e-16	2.6	75
0	-0.9040749	0.42734572	0	-1.382954e-16	-1.3919835e-16	2.7	75
0	-0.94221884	0.3349529	0	-1.3829582e-16	-1.3919789e-16	2.8	75
0	-0.9709472	0.23921894	0	-1.3829625e-16	-1.3919749e-16	2.9	75
0	-0.98997515	0.1410998	0	-1.3829656e-16	-1.391972e-16	3	75
0	-0.9991142	0.04157437	0	-1.382967e-16	-1.3919703e-16	3.1	75
0	-0.99827427	-0.05836535	0	-1.3829672e-16	-1.3919708e-16	3.2	75
0	-0.98746336	-0.15772344	0	-1.3829653e-16	-1.3919725e-16	3.3	75
0	-0.9667885	-0.25550944	0	-1.3829618e-16	-1.3919756e-16	3.4	75
0	-0.9364544	-0.3507478	0	-1.3829574e-16	-1.3919797e-16	3.5	75
0	-0.89676213	-0.442487	0	-1.382953e-16	-1.3919838e-16	3.6	75
0	-0.8481061	-0.5298097	0	-1.3829491e-16	-1.3919879e-16	3.7	75
0	-0.790972	-0.61184126	0	-1.3829462e-16	-1.3919907e-16	3.8	75
0	-0.7259305	-0.6877596	0	-1.3829447e-16	-1.391992e-16	3.9	75
0	-0.6536326	-0.75680393	0	-1.382945e-16	-1.3919914e-16	4	75
0	-0.5748026	-0.8182829	0	-1.3829471e-16	-1.3919893e-16	4.1	75
0	-0.49023065	-0.87158126	0	-1.3829508e-16	-1.3919862e-16	4.2	75
0	-0.4007641	-0.91616714	0	-1.3829552e-16	-1.3919819e-16	4.3	75
0	-0.3072984	-0.95159644	0	-1.3829597e-16	-1.3919778e-16	4.4	75
0	-0.21076788	-0.9775171	0	-1.3829635e-16	-1.391974e-16	4.5	75
0	-0.1121361	-0.99367225	0	-1.3829662e-16	-1.3919716e-16	4.6	75
0	-0.012386779	-0.9999021	0	-1.3829672e-16	-1.3919704e-16	4.7	75
0	0.08748597	-0.99614483	0	-1.3829666e-16	-1.3919709e-16	4.8	75
0	0.18648691	-0.98243785	0	-1.3829642e-16	-1.3919732e-16	4.9	75
0	0.28362882	-0.9589167	0	-1.3829605e-16	-1.3919766e-16	5	75
0	0.37794232	-0.9258144	0	-1.3829563e-16	-1.391981e-16	5.1	75
0	0.46848482	-0.88345945	0	-1.3829518e-16	-1.391985e-16	5.2	75
0	0.5543505	-0.83227354	0	-1.382948e-16	-1.3919888e-16	5.3	75
0	0.6346792	-0.77276754	0	-1.3829455e-16	-1.391991e-16	5.4	75
0	0.7086658	-0.705536	0	-1.3829446e-16	-1.391992e-16	5.5	75
0	0.7755691	-0.6312526	0	-1.3829455e-16	-1.391991e-16	5.6	75
0	0.83471894	-0.5506613	0	-1.382948e-16	-1.3919884e-16	5.7	75
0	0.8855242	-0.4645701	0	-1.3829519e-16	-1.3919848e-16	5.8	75
0	0.9274777	-0.37384117	0	-1.3829564e-16	-1.3919806e-16	5.9	75
0	0.9601624	-0.27938235	0	-1.3829608e-16	-1.3919765e-16	6	75
0	0.9832534	-0.18213749	0	-1.3829643e-16	-1.3919729e-16	6.1	75
0	0.9965222	-0.08307702	0	-1.3829667e-16	-1.3919709e-16	6.2	75
0	0.99997735	-7.567342e-11	0	-1.3374951e-16	-1.3463696e-16	0	70
0	0.9949838	0.09981676	0	-1.3374941e-16	-1.3463705e-16	0.1	70
0	0.98005235	0.1986391	0	-1.3374911e-16	-1.346373e-16	0.2	70
0	0.95533055	0.29548192	0	-1.3374867e-16	-1.3463769e-16	0.3	70
0	0.92106307	0.38937867	0	-1.3374822e-16	-1.3463818e-16	0.4	70
0	0.87759	0.47939086	0	-1.3374771e-16	-1.3463863e-16	0.5	70
0	0.8253438	0.5646176	0	-1.3374731e-16	-1.3463901e-16	0.6	70
0	0.764846	0.6442046	0	-1.3374706e-16	-1.3463928e-16	0.7	70
0	0.6967017	0.71735406	0	-1.3374699e-16	-1.3463934e-16	0.8	70
0	0.6215934	0.7833325	0	-1.3374711e-16	-1.346392e-16	0.9	70
0	0.54027426	0.8414794	0	-1.3374743e-16	-1.3463893e-16	1	70
0	0.45355943	0.8912136	0	-1.3374785e-16	-1.346385e-16	1.1	70
0	0.36231786	0.9320389	0	-1.3374836e-16	-1.3463804e-16	1.2	70
0	0.26746222	0.96354973	0	-1.3374882e-16	-1.3463757e-16	1.3	70
0	0.16994046	0.9854334	0	-1.3374922e-16	-1.3463722e-16	1.4	70
0	0.070725225	0.99747354	0	-1.3374944e-16	-1.34637e-16	1.5	70
0	-0.029194515	0.99955106	0	-1.3374948e-16	-1.3463696e-16	1.6	70
0	-0.12882346	0.9916458	0	-1.3374932e-16	-1.3463709e-16	1.7	70
0	-0.22716886	0.9738357	0	-1.33749e-16	-1.3463741e-16	1.8	70
0	-0.32325011	0.94629663	0	-1.3374857e-16	-1.3463786e-16	1.9	70
0	-0.41610804	0.9093014	0	-1.3374806e-16	-1.3463832e-16	2	70
0	-0.504814	0.8632174	0	-1.3374759e-16	-1.3463877e-16	2.1	70
0	-0.58847964	0.80850387	0	-1.3374722e-16	-1.346391e-16	2.2	70
0	-0.6662664	0.74570686	0	-1.3374702e-16	-1.3463931e-16	2.3	70
0	-0.73739433	0.675455	0	-1.33747e-16	-1.3463931e-16	2.4	70
0	-0.8011507	0.59845215	0	-1.3374719e-16	-1.3463914e-16	2.5	70
0	-0.8568972	0.5154703	0	-1.3374756e-16	-1.3463883e-16	2.6	70
0	-0.9040769	0.4273416	0	-1.33748e-16	-1.3463838e-16	2.7	70
0	-0.9422199	0.33494845	0	-1.3374851e-16	-1.3463791e-16	2.8	70
0	-0.97094727	0.23921497	0	-1.3374896e-16	-1.3463746e-16	2.9	70
0	-0.9899742	0.14109719	0	-1.3374931e-16	-1.3463713e-16	3	70
0	-0.99911284	0.041573554	0	-1.3374947e-16	-1.3463696e-16	3.1	70
0	-0.9982729	-0.058364216	0	-1.3374945e-16	-1.3463697e-16	3.2	70
0	-0.98746264	-0.15772061	0	-1.3374926e-16	-1.3463718e-16	3.3	70
0	-0.9667886	-0.2555054	0	-1.3374887e-16	-1.3463751e-16	3.4	70
0	-0.93645555	-0.3507433	0	-1.3374841e-16	-1.3463798e-16	3.5	70
0	-0.89676404	-0.44248298	0	-1.337479e-16	-1.3463845e-16	3.6	70
0	-0.8481085	-0.5298069	0	-1.3374747e-16	-1.3463888e-16	3.7	70
0	-0.790974	-0.6118399	0	-1.3374714e-16	-1.3463918e-16	3.8	70
0	-0.7259314	-0.6877598	0	-1.3374699e-16	-1.3463933e-16	3.9	70
0	-0.65363204	-0.7568055	0	-1.3374702e-16	-1.3463928e-16	4	70
0	-0.5748006	-0.81828505	0	-1.3374727e-16	-1.3463906e-16	4.1	70
0	-0.49022716	-0.87158346	0	-1.3374767e-16	-1.3463868e-16	4.2	70
0	-0.40075982	-0.91616887	0	-1.3374816e-16	-1.3463826e-16	4.3	70
0	-0.307294	-0.95159715	0	-1.3374863e-16	-1.3463777e-16	4.4	70
0	-0.21076429	-0.9775169	0	-1.3374907e-16	-1.3463736e-16	4.5	70
0	-0.112133965	-0.9936712	0	-1.3374937e-16	-1.3463706e-16	4.6	70
0	-0.012386535	-0.99990064	0	-1.337495e-16	-1.3463696e-16	4.7	70
0	0.08748429	-0.99614364	0	-1.3374941e-16	-1.3463703e-16	4.8	70
0	0.1864836	-0.9824375	0	-1.3374915e-16	-1.3463728e-16	4.9	70
0	0.28362453	-0.95891726	0	-1.3374877e-16	-1.3463766e-16	5	70
0	0.37793785	-0.9258158	0	-1.3374829e-16	-1.3463812e-16	5.1	70
0	0.46848112	-0.88346165	0	-1.3374777e-16	-1.3463859e-16	5.2	70
0	0.5543481	-0.8322757	0	-1.3374735e-16	-1.3463896e-16	5.3	70
0	0.63467836	-0.77276915	0	-1.3374707e-16	-1.3463925e-16	5.4	70
0	0.7086664	-0.70553666	0	-1.3374698e-16	-1.3463933e-16	5.5	70
0	0.7755708	-0.63125163	0	-1.3374708e-16	-1.3463924e-16	5.6	70
0	0.8347212	-0.5506588	0	-1.3374736e-16	-1.3463897e-16	5.7	70
0	0.88552636	-0.4645663	0	-1.337478e-16	-1.3463857e-16	5.8	70
0	0.92747915	-0.37383682	0	-1.3374828e-16	-1.3463808e-16	5.9	70
0	0.9601629	-0.27937812	0	-1.3374877e-16	-1.3463763e-16	6	70
0	0.98325294	-0.18213429	0	-1.3374919e-16	-1.3463728e-16	6.1	70
0	0.99652106	-0.08307542	0	-1.3374941e-16	-1.34637e-16	6.2	70
0	0.9999753	-9.79127e-11	0	-1.2848484e-16	-1.293568e-16	0	65
0	0.99498206	0.09981479	0	-1.2848472e-16	-1.293569e-16	0.1	65
0	0.9800513	0.19863558	0	-1.2848443e-16	-1.2935719e-16	0.2	65
0	0.9553305	0.29547754	0	-1.2848398e-16	-1.2935763e-16	0.3	65
0	0.921064	0.38937414	0	-1.2848344e-16	-1.2935813e-16	0.4	65
0	0.8775915	0.47938702	0	-1.284829e-16	-1.2935861e-16	0.5	65
0	0.8253454	0.56461495	0	-1.2848247e-16	-1.2935902e-16	0.6	65
0	0.764847	0.6442036	0	-1.284822e-16	-1.293593e-16	0.7	65
0	0.6967015	0.7173543	0	-1.2848214e-16	-1.2935937e-16	0.8	65
0	0.6215919	0.78333366	0	-1.2848226e-16	-1.2935924e-16	0.9	65
0	0.5402713	0.84148103	0	-1.2848259e-16	-1.2935892e-16	1	65
0	0.45355532	0.8912149	0	-1.2848307e-16	-1.2935849e-16	1.1	65
0	0.3623132	0.9320397	0	-1.284836e-16	-1.2935797e-16	1.2	65
0	0.267458	0.9635494	0	-1.2848411e-16	-1.2935748e-16	1.3	65
0	0.16993727	0.9854321	0	-1.2848454e-16	-1.2935708e-16	1.4	65
0	0.07072381	0.9974716	0	-1.2848476e-16	-1.2935685e-16	1.5	65
0	-0.02919392	0.9995491	0	-1.2848481e-16	-1.2935681e-16	1.6	65
0	-0.12882096	0.99164426	0	-1.2848467e-16	-1.2935698e-16	1.7	65
0	-0.227165	0.97383493	0	-1.2848431e-16	-1.2935731e-16	1.8	65
0	-0.32324558	0.9462968	0	-1.2848383e-16	-1.2935779e-16	1.9	65
0	-0.4161037	0.90930253	0	-1.2848329e-16	-1.2935828e-16	2	65
0	-0.5048105	0.863219	0	-1.2848277e-16	-1.2935875e-16	2.1	65
0	-0.5884775	0.8085053	0	-1.2848238e-16	-1.2935911e-16	2.2	65
0	-0.66626567	0.74570763	0	-1.2848217e-16	-1.2935933e-16	2.3	65
0	-0.7373948	0.6754545	0	-1.2848214e-16	-1.2935933e-16	2.4	65
0	-0.80115193	0.59845006	0	-1.2848234e-16	-1.2935918e-16	2.5	65
0	-0.85689867	0.5154671	0	-1.2848271e-16	-1.2935879e-16	2.6	65
0	-0.9040781	0.42733732	0	-1.2848321e-16	-1.2935834e-16	2.7	65
0	-0.9422202	0.33494395	0	-1.2848374e-16	-1.2935781e-16	2.8	65
0	-0.97094667	0.239211	0	-1.2848426e-16	-1.2935736e-16	2.9	65
0	-0.9899727	0.14109449	0	-1.2848463e-16	-1.29357e-16	3	65
0	-0.99911094	0.0415727	0	-1.2848483e-16	-1.2935683e-16	3.1	65
0	-0.9982709	-0.058363028	0	-1.2848477e-16	-1.2935682e-16	3.2	65
0	-0.98746127	-0.15771762	0	-1.2848456e-16	-1.2935703e-16	3.3	65
0	-0.9667881	-0.2555012	0	-1.2848419e-16	-1.2935746e-16	3.4	65
0	-0.9364562	-0.35073876	0	-1.2848366e-16	-1.2935792e-16	3.5	65
0	-0.8967654	-0.44247872	0	-1.2848313e-16	-1.2935842e-16	3.6	65
0	-0.84811	-0.52980375	0	-1.2848263e-16	-1.2935887e-16	3.7	65
0	-0.79097515	-0.61183816	0	-1.2848229e-16	-1.293592e-16	3.8	65
0	-0.7259318	-0.6877595	0	-1.2848213e-16	-1.2935937e-16	3.9	65
0	-0.6536312	-0.7568064	0	-1.2848219e-16	-1.2935932e-16	4	65
0	-0.5747981	-0.81828654	0	-1.2848244e-16	-1.293591e-16	4.1	65
0	-0.49022356	-0.8715849	0	-1.2848285e-16	-1.2935867e-16	4.2	65
0	-0.40075532	-0.91616976	0	-1.2848337e-16	-1.293582e-16	4.3	65
0	-0.3072896	-0.9515972	0	-1.284839e-16	-1.2935768e-16	4.4	65
0	-0.21076055	-0.9775159	0	-1.2848438e-16	-1.2935724e-16	4.5	65
0	-0.112131774	-0.99366957	0	-1.284847e-16	-1.2935693e-16	4.6	65
0	-0.012386284	-0.9998986	0	-1.2848483e-16	-1.293568e-16	4.7	65
0	0.08748254	-0.9961419	0	-1.2848473e-16	-1.2935687e-16	4.8	65
0	0.1864802	-0.98243636	0	-1.2848447e-16	-1.2935715e-16	4.9	65
0	0.2836202	-0.958917	0	-1.2848403e-16	-1.2935756e-16	5	65
0	0.37793332	-0.92581666	0	-1.284835e-16	-1.2935806e-16	5.1	65
0	0.46847713	-0.883463	0	-1.2848297e-16	-1.2935857e-16	5.2	65
0	0.5543453	-0.83227736	0	-1.2848252e-16	-1.2935899e-16	5.3	65
0	0.63467705	-0.77277017	0	-1.284822e-16	-1.2935926e-16	5.4	65
0	0.7086666	-0.70553666	0	-1.2848211e-16	-1.2935936e-16	5.5	65
0	0.7755719	-0.6312502	0	-1.2848222e-16	-1.2935927e-16	5.6	65
0	0.83472276	-0.550656	0	-1.2848252e-16	-1.2935896e-16	5.7	65
0	0.88552773	-0.46456233	0	-1.2848296e-16	-1.2935851e-16	5.8	65
0	0.92748	-0.3738323	0	-1.2848354e-16	-1.2935805e-16	5.9	65
0	0.96016264	-0.2793738	0	-1.2848407e-16	-1.2935756e-16	6	65
0	0.98325175	-0.18213093	0	-1.284845e-16	-1.2935715e-16	6.1	65
0	0.9965192	-0.08307376	0	-1.2848476e-16	-1.2935687e-16	6.2	65
0	0.9999752	-7.289135e-11	0	-1.2281898e-16	-1.2367693e-16	0	60
0	0.9949817	0.09981643	0	-1.2281889e-16	-1.2367701e-16	0.1	60
0	0.9800503	0.19863841	0	-1.228186e-16	-1.2367724e-16	0.2	60
0	0.95532876	0.29548103	0	-1.2281826e-16	-1.2367766e-16	0.3	60
0	0.9210614	0.3893776	0	-1.2281777e-16	-1.2367807e-16	0.4	60
0	0.8775885	0.47938973	0	-1.228173e-16	-1.2367851e-16	0.5	60
0	0.8253424	0.5646164	0	-1.2281692e-16	-1.2367887e-16	0.6	60
0	0.7648447	0.6442035	0	-1.2281671e-16	-1.236791e-16	0.7	60
0	0.6967005	0.71735275	0	-1.2281664e-16	-1.2367918e-16	0.8	60
0	0.6215923	0.7833312	0	-1.2281677e-16	-1.2367907e-16	0.9	60
0	0.5402731	0.84147805	0	-1.2281705e-16	-1.2367879e-16	1	60
0	0.4535583	0.89121217	0	-1.2281742e-16	-1.2367839e-16	1.1	60
0	0.36231682	0.93203723	0	-1.2281791e-16	-1.2367794e-16	1.2	60
0	0.2674614	0.9635479	0	-1.2281836e-16	-1.2367753e-16	1.3	60
0	0.16993979	0.9854313	0	-1.228187e-16	-1.2367717e-16	1.4	60
0	0.07072495	0.99747133	0	-1.2281893e-16	-1.2367697e-16	1.5	60
0	-0.0291944	0.999549	0	-1.22819e-16	-1.2367693e-16	1.6	60
0	-0.12882295	0.9916438	0	-1.2281881e-16	-1.2367708e-16	1.7	60
0	-0.22716804	0.97383374	0	-1.2281852e-16	-1.2367737e-16	1.8	60
0	-0.32324916	0.9462947	0	-1.2281811e-16	-1.2367778e-16	1.9	60
0	-0.41610685	0.90929997	0	-1.2281763e-16	-1.236782e-16	2	60
0	-0.50481284	0.86321604	0	-1.228172e-16	-1.2367863e-16	2.1	60
0	-0.58847845	0.80850255	0	-1.2281685e-16	-1.2367896e-16	2.2	60
0	-0.6662652	0.7457056	0	-1.2281668e-16	-1.2367915e-16	2.3	60
0	-0.737393	0.6754537	0	-1.2281665e-16	-1.2367915e-16	2.4	60
0	-0.8011492	0.59845096	0	-1.2281683e-16	-1.2367899e-16	2.5	60
0	-0.8568957	0.5154692	0	-1.2281716e-16	-1.2367868e-16	2.6	60
0	-0.9040753	0.42734042	0	-1.2281758e-16	-1.2367826e-16	2.7	60
0	-0.9422182	0.33494744	0	-1.2281806e-16	-1.2367783e-16	2.8	60
0	-0.9709453	0.23921412	0	-1.228185e-16	-1.2367742e-16	2.9	60
0	-0.9899722	0.14109664	0	-1.2281881e-16	-1.2367712e-16	3	60
0	-0.99911076	0.04157339	0	-1.2281897e-16	-1.2367696e-16	3.1	60
0	-0.99827075	-0.05836398	0	-1.2281893e-16	-1.2367693e-16	3.2	60
0	-0.98746055	-0.15771997	0	-1.2281873e-16	-1.2367715e-16	3.3	60
0	-0.96678674	-0.25550458	0	-1.2281841e-16	-1.2367748e-16	3.4	60
0	-0.9364539	-0.3507423	0	-1.2281796e-16	-1.2367789e-16	3.5	60
0	-0.8967625	-0.44248188	0	-1.228175e-16	-1.2367832e-16	3.6	60
0	-0.8481071	-0.5298056	0	-1.2281708e-16	-1.2367873e-16	3.7	60
0	-0.7909726	-0.6118387	0	-1.2281679e-16	-1.2367901e-16	3.8	60
0	-0.7259302	-0.6877585	0	-1.2281663e-16	-1.2367916e-16	3.9	60
0	-0.6536309	-0.7568041	0	-1.2281668e-16	-1.2367913e-16	4	60
0	-0.57479936	-0.8182837	0	-1.2281692e-16	-1.2367892e-16	4.1	60
0	-0.49022612	-0.871582	0	-1.2281726e-16	-1.2367856e-16	4.2	60
0	-0.40075874	-0.9161672	0	-1.2281773e-16	-1.2367815e-16	4.3	60
0	-0.30729306	-0.9515953	0	-1.2281818e-16	-1.236777e-16	4.4	60
0	-0.21076351	-0.9775148	0	-1.2281857e-16	-1.236773e-16	4.5	60
0	-0.112133525	-0.99366915	0	-1.2281886e-16	-1.2367703e-16	4.6	60
0	-0.012386484	-0.99989843	0	-1.2281898e-16	-1.2367693e-16	4.7	60
0	0.087483935	-0.9961415	0	-1.228189e-16	-1.23677e-16	4.8	60
0	0.18648294	-0.98243546	0	-1.2281865e-16	-1.2367721e-16	4.9	60
0	0.28362358	-0.95891535	0	-1.228183e-16	-1.2367761e-16	5	60
0	0.37793678	-0.9258143	0	-1.2281783e-16	-1.2367803e-16	5.1	60
0	0.46847996	-0.88346004	0	-1.2281737e-16	-1.2367846e-16	5.2	60
0	0.55434686	-0.8322745	0	-1.2281697e-16	-1.2367884e-16	5.3	60
0	0.63467723	-0.7727678	0	-1.2281673e-16	-1.2367909e-16	5.4	60
0	0.70866525	-0.70553535	0	-1.2281664e-16	-1.2367918e-16	5.5	60
0	0.77556956	-0.63125044	0	-1.2281673e-16	-1.2367907e-16	5.6	60
0	0.8347198	-0.55065763	0	-1.2281698e-16	-1.2367883e-16	5.7	60
0	0.88552487	-0.46456516	0	-1.228174e-16	-1.2367844e-16	5.8	60
0	0.9274776	-0.37383574	0	-1.2281787e-16	-1.2367802e-16	5.9	60
0	0.9601611	-0.27937716	0	-1.2281832e-16	-1.236776e-16	6	60
0	0.9832509	-0.18213357	0	-1.2281869e-16	-1.2367724e-16	6.1	60
0	0.99651885	-0.0830751	0	-1.2281892e-16	-1.23677e-16	6.2	60
0	0.9999736	-6.0187515e-12	0	-1.167535e-16	-1.175969e-16	0	55
0	0.99498	0.09981706	0	-1.1675343e-16	-1.17597e-16	0.1	55
0	0.9800484	0.1986396	0	-1.1675318e-16	-1.1759721e-16	0.2	55
0	0.9553263	0.29548246	0	-1.1675284e-16	-1.1759755e-16	0.3	55
0	0.9210586	0.38937885	0	-1.1675243e-16	-1.1759794e-16	0.4	55
0	0.8775856	0.47939038	0	-1.16752e-16	-1.1759831e-16	0.5	55
0	0.8253396	0.5646162	0	-1.1675167e-16	-1.1759865e-16	0.6	55
0	0.76484233	0.64420235	0	-1.1675149e-16	-1.1759888e-16	0.7	55
0	0.6966988	0.7173509	0	-1.1675142e-16	-1.1759892e-16	0.8	55
0	0.6215914	0.7833287	0	-1.1675151e-16	-1.1759881e-16	0.9	55
0	0.54027313	0.84147525	0	-1.1675178e-16	-1.1759857e-16	1	55
0	0.4535592	0.8912091	0	-1.1675212e-16	-1.175982e-16	1.1	55
0	0.36231813	0.93203455	0	-1.1675253e-16	-1.175978e-16	1.2	55
0	0.2674628	0.9635457	0	-1.1675293e-16	-1.1759744e-16	1.3	55
0	0.16994087	0.98542947	0	-1.1675326e-16	-1.1759712e-16	1.4	55
0	0.07072545	0.9974697	0	-1.1675346e-16	-1.1759693e-16	1.5	55
0	-0.02919461	0.9995474	0	-1.1675349e-16	-1.175969e-16	1.6	55
0	-0.12882383	0.9916422	0	-1.1675335e-16	-1.1759703e-16	1.7	55
0	-0.22716941	0.9738318	0	-1.167531e-16	-1.175973e-16	1.8	55
0	-0.32325056	0.9462924	0	-1.1675272e-16	-1.1759766e-16	1.9	55
0	-0.416108	0.90929693	0	-1.167523e-16	-1.1759806e-16	2	55
0	-0.50481325	0.8632132	0	-1.167519e-16	-1.1759843e-16	2.1	55
0	-0.58847797	0.80849975	0	-1.1675161e-16	-1.1759872e-16	2.2	55
0	-0.6662639	0.7457034	0	-1.1675143e-16	-1.1759888e-16	2.3	55
0	-0.737391	0.67545235	0	-1.1675142e-16	-1.1759889e-16	2.4	55
0	-0.80114657	0.5984505	0	-1.1675158e-16	-1.1759875e-16	2.5	55
0	-0.85689276	0.51546955	0	-1.1675186e-16	-1.1759847e-16	2.6	55
0	-0.9040725	0.42734152	0	-1.1675226e-16	-1.1759811e-16	2.7	55
0	-0.94221556	0.33494887	0	-1.1675265e-16	-1.175977e-16	2.8	55
0	-0.9709432	0.23921551	0	-1.1675304e-16	-1.175973e-16	2.9	55
0	-0.98997045	0.14109759	0	-1.1675334e-16	-1.1759708e-16	3	55
0	-0.9991092	0.04157368	0	-1.1675349e-16	-1.1759692e-16	3.1	55
0	-0.99826926	-0.058364395	0	-1.1675346e-16	-1.1759692e-16	3.2	55
0	-0.9874588	-0.15772101	0	-1.1675329e-16	-1.1759709e-16	3.3	55
0	-0.9667846	-0.25550598	0	-1.1675298e-16	-1.1759738e-16	3.4	55
0	-0.93645126	-0.35074362	0	-1.1675259e-16	-1.1759777e-16	3.5	55
0	-0.89675957	-0.4424828	0	-1.167522e-16	-1.1759819e-16	3.6	55
0	-0.8481042	-0.52980584	0	-1.1675182e-16	-1.1759853e-16	3.7	55
0	-0.79097	-0.611838	0	-1.1675153e-16	-1.1759879e-16	3.8	55
0	-0.7259281	-0.68775696	0	-1.1675142e-16	-1.1759892e-16	3.9	55
0	-0.65362966	-0.7568019	0	-1.1675145e-16	-1.1759886e-16	4	55
0	-0.574799	-0.8182808	0	-1.1675166e-16	-1.1759869e-16	4.1	55
0	-0.4902266	-0.87157905	0	-1.1675196e-16	-1.1759838e-16	4.2	55
0	-0.4007599	-0.91616446	0	-1.1675236e-16	-1.1759798e-16	4.3	55
0	-0.30729458	-0.9515929	0	-1.1675278e-16	-1.175976e-16	4.4	55
0	-0.2107648	-0.97751284	0	-1.1675314e-16	-1.1759725e-16	4.5	55
0	-0.11213431	-0.9936675	0	-1.167534e-16	-1.1759699e-16	4.6	55
0	-0.012386571	-0.999897	0	-1.167535e-16	-1.175969e-16	4.7	55
0	0.08748455	-0.99613994	0	-1.1675343e-16	-1.1759696e-16	4.8	55
0	0.18648407	-0.9824335	0	-1.1675321e-16	-1.1759717e-16	4.9	55
0	0.28362507	-0.958913	0	-1.1675288e-16	-1.175975e-16	5	55
0	0.37793815	-0.92581147	0	-1.1675248e-16	-1.175979e-16	5.1	55
0	0.4684808	-0.8834571	0	-1.1675206e-16	-1.1759827e-16	5.2	55
0	0.5543468	-0.83227164	0	-1.167517e-16	-1.175986e-16	5.3	55
0	0.63467616	-0.77276546	0	-1.1675147e-16	-1.1759883e-16	5.4	55
0	0.7086634	-0.7055335	0	-1.1675142e-16	-1.175989e-16	5.5	55
0	0.775567	-0.63124955	0	-1.1675147e-16	-1.1759881e-16	5.6	55
0	0.834717	-0.55065763	0	-1.1675173e-16	-1.175986e-16	5.7	55
0	0.88552195	-0.464566	0	-1.1675208e-16	-1.1759826e-16	5.8	55
0	0.927475	-0.37383702	0	-1.1675248e-16	-1.1759786e-16	5.9	55
0	0.96015877	-0.27937862	0	-1.167529e-16	-1.1759748e-16	6	55
0	0.98324907	-0.18213472	0	-1.1675325e-16	-1.1759716e-16	6.1	55
0	0.99651736	-0.08307567	0	-1.1675343e-16	-1.1759695e-16	6.2	55
0	0.99997365	-1.7873868e-10	0	-1.100492e-16	-1.1087709e-16	0	50
0	0.9949795	0.099821195	0	-1.10049174e-16	-1.10877175e-16	0.1	50
0	0.98004615	0.19864698	0	-1.10048976e-16	-1.10877275e-16	0.2	50
0	0.9553221	0.29549146	0	-1.10048764e-16	-1.1087752e-16	0.3	50
0	0.9210523	0.3893877	0	-1.10048486e-16	-1.1087779e-16	0.4	50
0	0.8775779	0.4793973	0	-1.1004825e-16	-1.1087806e-16	0.5	50
0	0.8253321	0.56461984	0	-1.1004798e-16	-1.1087825e-16	0.6	50
0	0.7648365	0.64420205	0	-1.1004785e-16	-1.1087838e-16	0.7	50
0	0.69669586	0.71734697	0	-1.10047824e-16	-1.1087845e-16	0.8	50
0	0.6215922	0.7833222	0	-1.1004789e-16	-1.1087838e-16	0.9	50
0	0.54027784	0.8414675	0	-1.10048056e-16	-1.1087821e-16	1	50
0	0.45356688	0.8912018	0	-1.10048294e-16	-1.1087797e-16	1.1	50
0	0.36232725	0.93202883	0	-1.10048565e-16	-1.10877705e-16	1.2	50
0	0.26747152	0.9635419	0	-1.1004883e-16	-1.1087745e-16	1.3	50
0	0.16994743	0.98542804	0	-1.10049035e-16	-1.1087725e-16	1.4	50
0	0.0707284	0.9974695	0	-1.1004916e-16	-1.1087711e-16	1.5	50
0	-0.029195849	0.9995475	0	-1.100492e-16	-1.1087709e-16	1.6	50
0	-0.12882902	0.99164116	0	-1.100491e-16	-1.10877175e-16	1.7	50
0	-0.22717743	0.973829	0	-1.1004893e-16	-1.1087737e-16	1.8	50
0	-0.3232598	0.9462873	0	-1.10048684e-16	-1.10877605e-16	1.9	50
0	-0.41611648	0.90929013	0	-1.100484e-16	-1.1087786e-16	2	50
0	-0.5048192	0.8632053	0	-1.10048135e-16	-1.1087811e-16	2.1	50
0	-0.5884805	0.80849254	0	-1.1004794e-16	-1.10878313e-16	2.2	50
0	-0.6662624	0.7456982	0	-1.1004786e-16	-1.10878426e-16	2.3	50
0	-0.73738617	0.67545044	0	-1.1004783e-16	-1.1087843e-16	2.4	50
0	-0.8011396	0.5984524	0	-1.10047937e-16	-1.1087834e-16	2.5	50
0	-0.85688496	0.5154752	0	-1.1004812e-16	-1.1087815e-16	2.6	50
0	-0.90406543	0.42734972	0	-1.10048373e-16	-1.108779e-16	2.7	50
0	-0.9422104	0.33495808	0	-1.1004865e-16	-1.1087763e-16	2.8	50
0	-0.97094005	0.23922384	0	-1.10048896e-16	-1.1087738e-16	2.9	50
0	-0.98996925	0.1411032	0	-1.10049055e-16	-1.1087716e-16	3	50
0	-0.9991092	0.041575443	0	-1.1004919e-16	-1.1087709e-16	3.1	50
0	-0.998269	-0.05836686	0	-1.1004916e-16	-1.1087709e-16	3.2	50
0	-0.9874574	-0.15772717	0	-1.10049055e-16	-1.10877215e-16	3.3	50
0	-0.9667812	-0.25551453	0	-1.10048856e-16	-1.1087742e-16	3.4	50
0	-0.93644565	-0.35075283	0	-1.100486e-16	-1.1087768e-16	3.5	50
0	-0.89675236	-0.4424907	0	-1.1004833e-16	-1.1087794e-16	3.6	50
0	-0.84809643	-0.5298109	0	-1.10048076e-16	-1.1087817e-16	3.7	50
0	-0.7909633	-0.6118393	0	-1.10047904e-16	-1.1087835e-16	3.8	50
0	-0.7259239	-0.6877545	0	-1.1004782e-16	-1.10878426e-16	3.9	50
0	-0.65362877	-0.7567963	0	-1.1004786e-16	-1.1087841e-16	4	50
0	-0.5748022	-0.8182734	0	-1.1004798e-16	-1.1087829e-16	4.1	50
0	-0.49023318	-0.8715715	0	-1.1004819e-16	-1.10878075e-16	4.2	50
0	-0.40076864	-0.9161578	0	-1.1004845e-16	-1.1087782e-16	4.3	50
0	-0.30730364	-0.9515884	0	-1.1004871e-16	-1.1087754e-16	4.4	50
0	-0.21077242	-0.97751033	0	-1.10048956e-16	-1.1087731e-16	4.5	50
0	-0.11213889	-0.9936667	0	-1.1004912e-16	-1.10877155e-16	4.6	50
0	-0.0123871025	-0.9998969	0	-1.1004919e-16	-1.1087708e-16	4.7	50
0	0.0874882	-0.99613965	0	-1.1004915e-16	-1.1087712e-16	4.8	50
0	0.18649112	-0.98243165	0	-1.10049e-16	-1.1087727e-16	4.9	50
0	0.28363398	-0.958909	0	-1.10048784e-16	-1.1087749e-16	5	50
0	0.3779471	-0.9258053	0	-1.10048526e-16	-1.1087776e-16	5.1	50
0	0.46848804	-0.88344955	0	-1.10048234e-16	-1.10878e-16	5.2	50
0	0.55435085	-0.83226395	0	-1.1004802e-16	-1.1087824e-16	5.3	50
0	0.6346764	-0.77275914	0	-1.10047864e-16	-1.1087838e-16	5.4	50
0	0.7086599	-0.7055303	0	-1.10047824e-16	-1.1087843e-16	5.5	50
0	0.7755608	-0.63124985	0	-1.1004787e-16	-1.1087838e-16	5.6	50
0	0.8347093	-0.5506618	0	-1.1004803e-16	-1.1087823e-16	5.7	50
0	0.8855143	-0.46457332	0	-1.1004827e-16	-1.1087802e-16	5.8	50
0	0.92746884	-0.37384602	0	-1.10048526e-16	-1.1087774e-16	5.9	50
0	0.9601547	-0.27938753	0	-1.100488e-16	-1.1087746e-16	6	50
0	0.9832472	-0.18214163	0	-1.1004901e-16	-1.1087727e-16	6.1	50
0	0.99651694	-0.08307913	0	-1.10049154e-16	-1.1087712e-16	6.2	50
0	0.99997383	-2.00086e-10	0	-1.0214782e-16	-1.02957305e-16	0	45
0	0.99497855	0.099828355	0	-1.02147846e-16	-1.0295735e-16	0.1	45
0	0.9800424	0.19865978	0	-1.021478e-16	-1.02957384e-16	0.2	45
0	0.9553143	0.29550722	0	-1.02147707e-16	-1.02957404e-16	0.3	45
0	0.9210409	0.3894031	0	-1.0214767e-16	-1.02957497e-16	0.4	45
0	0.87756443	0.4794092	0	-1.02147594e-16	-1.02957556e-16	0.5	45
0	0.8253188	0.5646259	0	-1.0214755e-16	-1.02957596e-16	0.6	45
0	0.76482594	0.64420134	0	-1.0214753e-16	-1.0295764e-16	0.7	45
0	0.69669056	0.71734	0	-1.0214751e-16	-1.0295764e-16	0.8	45
0	0.62159353	0.7833106	0	-1.0214752e-16	-1.0295763e-16	0.9	45
0	0.5402858	0.8414538	0	-1.0214757e-16	-1.0295759e-16	1	45
0	0.45358	0.8911888	0	-1.0214761e-16	-1.0295753e-16	1.1	45
0	0.36234307	0.9320184	0	-1.02147674e-16	-1.02957464e-16	1.2	45
0	0.2674867	0.9635354	0	-1.0214774e-16	-1.02957404e-16	1.3	45
0	0.16995881	0.98542506	0	-1.0214779e-16	-1.02957344e-16	1.4	45
0	0.070733584	0.9974691	0	-1.02147826e-16	-1.0295731e-16	1.5	45
0	-0.029198013	0.9995475	0	-1.0214783e-16	-1.0295731e-16	1.6	45
0	-0.12883805	0.99163955	0	-1.0214782e-16	-1.02957344e-16	1.7	45
0	-0.22719142	0.973824	0	-1.0214777e-16	-1.02957384e-16	1.8	45
0	-0.32327577	0.9462785	0	-1.0214771e-16	-1.02957444e-16	1.9	45
0	-0.41613114	0.909278	0	-1.02147654e-16	-1.0295751e-16	2	45
0	-0.5048297	0.8631917	0	-1.0214758e-16	-1.0295757e-16	2.1	45
0	-0.58848464	0.80847985	0	-1.02147535e-16	-1.0295762e-16	2.2	45
0	-0.6662597	0.74568903	0	-1.02147515e-16	-1.0295765e-16	2.3	45
0	-0.7373775	0.675447	0	-1.02147515e-16	-1.0295764e-16	2.4	45
0	-0.80112714	0.5984556	0	-1.0214754e-16	-1.0295761e-16	2.5	45
0	-0.8568713	0.51548487	0	-1.0214757e-16	-1.0295757e-16	2.6	45
0	-0.9040529	0.42736405	0	-1.02147634e-16	-1.02957516e-16	2.7	45
0	-0.9422011	0.33497408	0	-1.02147674e-16	-1.02957424e-16	2.8	45
0	-0.97093475	0.2392382	0	-1.0214775e-16	-1.02957384e-16	2.9	45
0	-0.98996735	0.14111297	0	-1.02147786e-16	-1.02957325e-16	3	45
0	-0.9991091	0.04157852	0	-1.02147806e-16	-1.02957305e-16	3.1	45
0	-0.99826884	-0.058371153	0	-1.0214781e-16	-1.02957305e-16	3.2	45
0	-0.98745495	-0.15773791	0	-1.02147786e-16	-1.0295733e-16	3.3	45
0	-0.9667752	-0.2555294	0	-1.02147727e-16	-1.0295737e-16	3.4	45
0	-0.9364357	-0.35076877	0	-1.02147674e-16	-1.02957444e-16	3.5	45
0	-0.89673954	-0.44250447	0	-1.02147634e-16	-1.02957536e-16	3.6	45
0	-0.84808266	-0.5298196	0	-1.0214757e-16	-1.0295759e-16	3.7	45
0	-0.79095125	-0.6118415	0	-1.02147515e-16	-1.0295762e-16	3.8	45
0	-0.7259162	-0.68775004	0	-1.021475e-16	-1.0295765e-16	3.9	45
0	-0.6536274	-0.75678635	0	-1.0214752e-16	-1.0295764e-16	4	45
0	-0.57480747	-0.81826043	0	-1.0214754e-16	-1.0295761e-16	4.1	45
0	-0.49024442	-0.87155783	0	-1.0214759e-16	-1.0295755e-16	4.2	45
0	-0.40078378	-0.91614616	0	-1.02147654e-16	-1.0295751e-16	4.3	45
0	-0.30731952	-0.9515801	0	-1.0214771e-16	-1.0295744e-16	4.4	45
0	-0.21078579	-0.97750616	0	-1.02147766e-16	-1.02957364e-16	4.5	45
0	-0.11214687	-0.9936655	0	-1.02147806e-16	-1.02957325e-16	4.6	45
0	-0.012388024	-0.9998972	0	-1.0214783e-16	-1.02957305e-16	4.7	45
0	0.08749452	-0.9961388	0	-1.0214782e-16	-1.02957325e-16	4.8	45
0	0.18650334	-0.98242825	0	-1.0214777e-16	-1.0295735e-16	4.9	45
0	0.28364953	-0.95890176	0	-1.02147746e-16	-1.02957404e-16	5	45
0	0.3779627	-0.9257944	0	-1.0214769e-16	-1.02957497e-16	5.1	45
0	0.4685005	-0.8834362	0	-1.021476e-16	-1.02957536e-16	5.2	45
0	0.55435777	-0.8322504	0	-1.0214756e-16	-1.0295761e-16	5.3	45
0	0.6346765	-0.7727483	0	-1.0214752e-16	-1.0295764e-16	5.4	45
0	0.70865357	-0.7055242	0	-1.0214751e-16	-1.0295765e-16	5.5	45
0	0.7755496	-0.63125026	0	-1.0214752e-16	-1.0295764e-16	5.6	45
0	0.83469576	-0.550669	0	-1.02147554e-16	-1.02957596e-16	5.7	45
0	0.8855011	-0.46458605	0	-1.02147614e-16	-1.0295755e-16	5.8	45
0	0.927458	-0.37386173	0	-1.021477e-16	-1.0295751e-16	5.9	45
0	0.9601478	-0.279403	0	-1.02147746e-16	-1.02957424e-16	6	45
0	0.983244	-0.18215366	0	-1.0214777e-16	-1.02957344e-16	6.1	45
0	0.9965164	-0.08308517	0	-1.0214783e-16	-1.0295733e-16	6.2	45
0	0.99997556	-1.705597e-10	0	-9.432288e-17	-9.511767e-17	0	40
0	0.9949785	0.09984062	0	-9.432293e-17	-9.511764e-17	0.1	40
0	0.98003745	0.19868176	0	-9.432304e-17	-9.51175e-17	0.2	40
0	0.95530283	0.29553425	0	-9.4323266e-17	-9.511734e-17	0.3	40
0	0.92102337	0.38942966	0	-9.432349e-17	-9.511713e-17	0.4	40
0	0.87754315	0.47943008	0	-9.4323716e-17	-9.51169e-17	0.5	40
0	0.8252976	0.5646372	0	-9.432392e-17	-9.511674e-17	0.6	40
0	0.76480955	0.6442013	0	-9.432404e-17	-9.511662e-17	0.7	40
0	0.69668275	0.7173293	0	-9.4324074e-17	-9.5116585e-17	0.8	40
0	0.62159675	0.78329235	0	-9.432401e-17	-9.5116645e-17	0.9	40
0	0.5403001	0.84143203	0	-9.432387e-17	-9.511678e-17	1	40
0	0.45360306	0.891168	0	-9.432365e-17	-9.511696e-17	1.1	40
0	0.36237028	0.9320024	0	-9.432342e-17	-9.511718e-17	1.2	40
0	0.26751286	0.96352583	0	-9.4323193e-17	-9.511739e-17	1.3	40
0	0.16997834	0.9854218	0	-9.432301e-17	-9.5117545e-17	1.4	40
0	0.07074243	0.9974698	0	-9.43229e-17	-9.511766e-17	1.5	40
0	-0.029201716	0.9995491	0	-9.4322876e-17	-9.511767e-17	1.6	40
0	-0.12885351	0.99163824	0	-9.432295e-17	-9.511761e-17	1.7	40
0	-0.22721541	0.9738172	0	-9.432312e-17	-9.511748e-17	1.8	40
0	-0.3233033	0.94626516	0	-9.432333e-17	-9.511728e-17	1.9	40
0	-0.41615647	0.90925896	0	-9.432357e-17	-9.511707e-17	2	40
0	-0.504848	0.86316985	0	-9.4323776e-17	-9.5116844e-17	2.1	40
0	-0.5884926	0.8084596	0	-9.4323954e-17	-9.5116685e-17	2.2	40
0	-0.66625637	0.74567485	0	-9.432407e-17	-9.5116605e-17	2.3	40
0	-0.73736435	0.6754422	0	-9.432407e-17	-9.5116605e-17	2.4	40
0	-0.80110735	0.59846216	0	-9.432398e-17	-9.511668e-17	2.5	40
0	-0.85684943	0.51550204	0	-9.432381e-17	-9.511683e-17	2.6	40
0	-0.9040333	0.42738885	0	-9.4323584e-17	-9.511702e-17	2.7	40
0	-0.94218695	0.33500162	0	-9.432335e-17	-9.5117254e-17	2.8	40
0	-0.9709271	0.23926294	0	-9.432312e-17	-9.511743e-17	2.9	40
0	-0.9899655	0.14112973	0	-9.4322975e-17	-9.51176e-17	3	40
0	-0.9991105	0.041583784	0	-9.432286e-17	-9.511764e-17	3.1	40
0	-0.99827	-0.05837849	0	-9.432287e-17	-9.511765e-17	3.2	40
0	-0.9874521	-0.15775631	0	-9.4322975e-17	-9.511756e-17	3.3	40
0	-0.96676636	-0.25555497	0	-9.4323154e-17	-9.511741e-17	3.4	40
0	-0.93642056	-0.35079625	0	-9.432338e-17	-9.511722e-17	3.5	40
0	-0.8967194	-0.44252828	0	-9.432362e-17	-9.511698e-17	3.6	40
0	-0.848061	-0.5298352	0	-9.4323835e-17	-9.511679e-17	3.7	40
0	-0.7909325	-0.61184615	0	-9.4324e-17	-9.511666e-17	3.8	40
0	-0.7259044	-0.68774354	0	-9.432407e-17	-9.5116585e-17	3.9	40
0	-0.6536258	-0.75677073	0	-9.432405e-17	-9.5116605e-17	4	40
0	-0.5748173	-0.8182395	0	-9.432394e-17	-9.511672e-17	4.1	40
0	-0.49026424	-0.87153625	0	-9.432375e-17	-9.511688e-17	4.2	40
0	-0.4008099	-0.91612786	0	-9.4323524e-17	-9.5117095e-17	4.3	40
0	-0.30734682	-0.95156777	0	-9.432328e-17	-9.5117313e-17	4.4	40
0	-0.21080865	-0.97750044	0	-9.432307e-17	-9.5117485e-17	4.5	40
0	-0.11216053	-0.993665	0	-9.432292e-17	-9.511762e-17	4.6	40
0	-0.012389601	-0.99989885	0	-9.432287e-17	-9.511767e-17	4.7	40
0	0.08750537	-0.9961391	0	-9.4322916e-17	-9.511765e-17	4.8	40
0	0.18652432	-0.9824239	0	-9.432302e-17	-9.5117525e-17	4.9	40
0	0.28367624	-0.95889115	0	-9.432323e-17	-9.5117366e-17	5	40
0	0.37798968	-0.92577744	0	-9.432346e-17	-9.511716e-17	5.1	40
0	0.46852228	-0.88341516	0	-9.432368e-17	-9.5116936e-17	5.2	40
0	0.5543703	-0.83222896	0	-9.4323895e-17	-9.511675e-17	5.3	40
0	0.6346778	-0.772731	0	-9.432404e-17	-9.511664e-17	5.4	40
0	0.7086442	-0.70551515	0	-9.432406e-17	-9.511657e-17	5.5	40
0	0.775532	-0.6312521	0	-9.432402e-17	-9.5116625e-17	5.6	40
0	0.83467424	-0.55068195	0	-9.432389e-17	-9.511676e-17	5.7	40
0	0.88548017	-0.46460807	0	-9.432369e-17	-9.5116956e-17	5.8	40
0	0.92744136	-0.3738888	0	-9.4323465e-17	-9.511718e-17	5.9	40
0	0.9601373	-0.27942958	0	-9.4323213e-17	-9.5117366e-17	6	40
0	0.98323995	-0.18217424	0	-9.432303e-17	-9.511754e-17	6.1	40
0	0.99651676	-0.0830955	0	-9.43229e-17	-9.511764e-17	6.2	40
0	0.9999775	-1.6646202e-10	0	-8.538422e-17	-8.615807e-17	0	35
0	0.9949779	0.09985737	0	-8.538434e-17	-8.6157955e-17	0.1	35
0	0.9800301	0.19871168	0	-8.538467e-17	-8.615765e-17	0.2	35
0	0.9552867	0.29557112	0	-8.538516e-17	-8.615719e-17	0.3	35
0	0.92099875	0.3894658	0	-8.538574e-17	-8.615666e-17	0.4	35
0	0.8775134	0.4794583	0	-8.538632e-17	-8.615612e-17	0.5	35
0	0.82526827	0.56465214	0	-8.5386784e-17	-8.615567e-17	0.6	35
0	0.7647866	0.64420074	0	-8.538708e-17	-8.61554e-17	0.7	35
0	0.69667166	0.71731436	0	-8.538716e-17	-8.6155314e-17	0.8	35
0	0.62160075	0.7832669	0	-8.5387016e-17	-8.615546e-17	0.9	35
0	0.5403194	0.841402	0	-8.538666e-17	-8.6155804e-17	1	35
0	0.4536343	0.8911393	0	-8.538614e-17	-8.6156254e-17	1.1	35
0	0.36240754	0.93198	0	-8.538556e-17	-8.615681e-17	1.2	35
0	0.26754844	0.9635123	0	-8.5385004e-17	-8.615733e-17	1.3	35
0	0.17000501	0.9854168	0	-8.538456e-17	-8.615776e-17	1.4	35
0	0.070754506	0.9974706	0	-8.538428e-17	-8.615801e-17	1.5	35
0	-0.029206783	0.9995508	0	-8.538423e-17	-8.615806e-17	1.6	35
0	-0.12887461	0.9916361	0	-8.5384415e-17	-8.615789e-17	1.7	35
0	-0.22724812	0.97380745	0	-8.538481e-17	-8.615754e-17	1.8	35
0	-0.3233408	0.9462463	0	-8.5385335e-17	-8.615705e-17	1.9	35
0	-0.41619116	0.9092324	0	-8.538591e-17	-8.615649e-17	2	35
0	-0.5048728	0.8631396	0	-8.538646e-17	-8.615599e-17	2.1	35
0	-0.58850306	0.8084314	0	-8.5386883e-17	-8.615557e-17	2.2	35
0	-0.66625136	0.7456548	0	-8.5387115e-17	-8.615535e-17	2.3	35
0	-0.7373457	0.67543536	0	-8.5387135e-17	-8.615533e-17	2.4	35
0	-0.8010799	0.59847087	0	-8.538694e-17	-8.615555e-17	2.5	35
0	-0.85681915	0.51552534	0	-8.5386526e-17	-8.6155917e-17	2.6	35
0	-0.90400606	0.42742252	0	-8.538598e-17	-8.615642e-17	2.7	35
0	-0.9421669	0.3350391	0	-8.538539e-17	-8.615696e-17	2.8	35
0	-0.97091645	0.23929663	0	-8.5384865e-17	-8.615748e-17	2.9	35
0	-0.9899627	0.14115255	0	-8.538445e-17	-8.6157855e-17	3	35
0	-0.99911195	0.041590963	0	-8.538423e-17	-8.615803e-17	3.1	35
0	-0.9982709	-0.05838851	0	-8.5384256e-17	-8.615802e-17	3.2	35
0	-0.98744804	-0.1577814	0	-8.538451e-17	-8.6157796e-17	3.3	35
0	-0.966754	-0.25558984	0	-8.538494e-17	-8.615739e-17	3.4	35
0	-0.93639916	-0.35083362	0	-8.538551e-17	-8.615689e-17	3.5	35
0	-0.8966911	-0.4425605	0	-8.538607e-17	-8.615633e-17	3.6	35
0	-0.8480307	-0.5298561	0	-8.538659e-17	-8.615585e-17	3.7	35
0	-0.79090595	-0.61185205	0	-8.538698e-17	-8.6155486e-17	3.8	35
0	-0.72588784	-0.6877342	0	-8.538717e-17	-8.615533e-17	3.9	35
0	-0.6536234	-0.756749	0	-8.538711e-17	-8.6155374e-17	4	35
0	-0.5748304	-0.8182106	0	-8.538682e-17	-8.615563e-17	4.1	35
0	-0.4902911	-0.8715062	0	-8.5386374e-17	-8.615606e-17	4.2	35
0	-0.40084538	-0.91610247	0	-8.538582e-17	-8.6156585e-17	4.3	35
0	-0.30738392	-0.95155066	0	-8.538523e-17	-8.615713e-17	4.4	35
0	-0.21083985	-0.97749215	0	-8.5384726e-17	-8.61576e-17	4.5	35
0	-0.112179205	-0.9936638	0	-8.538437e-17	-8.615793e-17	4.6	35
0	-0.012391754	-0.9999007	0	-8.538422e-17	-8.615806e-17	4.7	35
0	0.08752016	-0.9961392	0	-8.538431e-17	-8.615799e-17	4.8	35
0	0.18655293	-0.9824178	0	-8.5384614e-17	-8.61577e-17	4.9	35
0	0.2837127	-0.958876	0	-8.53851e-17	-8.615725e-17	5	35
0	0.37802637	-0.9257537	0	-8.538567e-17	-8.615672e-17	5.1	35
0	0.46855187	-0.8833859	0	-8.538623e-17	-8.6156175e-17	5.2	35
0	0.5543872	-0.83219934	0	-8.538674e-17	-8.615574e-17	5.3	35
0	0.63467914	-0.77270687	0	-8.5387055e-17	-8.615542e-17	5.4	35
0	0.70863074	-0.7055024	0	-8.5387175e-17	-8.6155314e-17	5.5	35
0	0.7755076	-0.63125414	0	-8.538704e-17	-8.615543e-17	5.6	35
0	0.83464444	-0.5506994	0	-8.5386705e-17	-8.615574e-17	5.7	35
0	0.8854509	-0.46463817	0	-8.53862e-17	-8.615621e-17	5.8	35
0	0.92741805	-0.37392554	0	-8.538564e-17	-8.615675e-17	5.9	35
0	0.9601227	-0.27946582	0	-8.538508e-17	-8.615727e-17	6	35
0	0.9832341	-0.18220235	0	-8.53846e-17	-8.615771e-17	6.1	35
0	0.99651694	-0.08310959	0	-8.5384296e-17	-8.615799e-17	6.2	35
0	0.99998105	-3.0108246e-10	0	-7.620219e-17	-7.695854e-17	0	30
0	0.9949773	0.09988503	0	-7.620239e-17	-7.6958336e-17	0.1	30
0	0.98001856	0.19876118	0	-7.620299e-17	-7.6957774e-17	0.2	30
0	0.9552603	0.29563206	0	-7.62039e-17	-7.695695e-17	0.3	30
0	0.92095846	0.38952583	0	-7.620494e-17	-7.695597e-17	0.4	30
0	0.87746483	0.47950518	0	-7.620598e-17	-7.6954995e-17	0.5	30
0	0.8252202	0.5646771	0	-7.620684e-17	-7.695418e-17	0.6	30
0	0.76474917	0.64420027	0	-7.620738e-17	-7.6953665e-17	0.7	30
0	0.6966539	0.7172901	0	-7.620753e-17	-7.695352e-17	0.8	30
0	0.62160784	0.78322536	0	-7.620726e-17	-7.695378e-17	0.9	30
0	0.54035133	0.8413529	0	-7.6206615e-17	-7.695439e-17	1	30
0	0.453686	0.89109254	0	-7.620568e-17	-7.695525e-17	1.1	30
0	0.36246902	0.9319436	0	-7.620463e-17	-7.6956245e-17	1.2	30
0	0.2676073	0.9634904	0	-7.620362e-17	-7.695721e-17	1.3	30
0	0.17004906	0.9854089	0	-7.620278e-17	-7.695798e-17	1.4	30
0	0.070774406	0.9974721	0	-7.62023e-17	-7.695845e-17	1.5	30
0	-0.029215146	0.9995539	0	-7.620221e-17	-7.695853e-17	1.6	30
0	-0.12890959	0.991633	0	-7.620254e-17	-7.695821e-17	1.7	30
0	-0.22730222	0.97379166	0	-7.620324e-17	-7.695757e-17	1.8	30
0	-0.32340267	0.94621557	0	-7.6204186e-17	-7.695667e-17	1.9	30
0	-0.4162484	0.9091889	0	-7.6205265e-17	-7.6955676e-17	2	30
0	-0.504914	0.86309034	0	-7.620626e-17	-7.695473e-17	2.1	30
0	-0.5885209	0.8083855	0	-7.6207025e-17	-7.6954e-17	2.2	30
0	-0.6662436	0.74562246	0	-7.620747e-17	-7.695357e-17	2.3	30
0	-0.7373156	0.6754245	0	-7.620749e-17	-7.695355e-17	2.4	30
0	-0.8010351	0.5984854	0	-7.620711e-17	-7.695392e-17	2.5	30
0	-0.8567696	0.5155638	0	-7.6206357e-17	-7.695461e-17	2.6	30
0	-0.9039615	0.42747837	0	-7.6205384e-17	-7.6955544e-17	2.7	30
0	-0.9421345	0.33510116	0	-7.620432e-17	-7.695654e-17	2.8	30
0	-0.97089875	0.23935239	0	-7.620332e-17	-7.695744e-17	2.9	30
0	-0.9899583	0.1411904	0	-7.62026e-17	-7.695814e-17	3	30
0	-0.9991148	0.041602835	0	-7.620222e-17	-7.69585e-17	3.1	30
0	-0.99827313	-0.058405053	0	-7.620225e-17	-7.695846e-17	3.2	30
0	-0.98744184	-0.15782289	0	-7.620272e-17	-7.6958065e-17	3.3	30
0	-0.96673405	-0.25564754	0	-7.620349e-17	-7.695732e-17	3.4	30
0	-0.9363643	-0.3508954	0	-7.62045e-17	-7.695638e-17	3.5	30
0	-0.8966451	-0.44261423	0	-7.620554e-17	-7.6955365e-17	3.6	30
0	-0.8479812	-0.5298911	0	-7.6206515e-17	-7.695449e-17	3.7	30
0	-0.790863	-0.6118624	0	-7.62072e-17	-7.6953823e-17	3.8	30
0	-0.725861	-0.6877193	0	-7.6207534e-17	-7.695353e-17	3.9	30
0	-0.6536197	-0.7567137	0	-7.620743e-17	-7.6953625e-17	4	30
0	-0.5748524	-0.8181634	0	-7.620692e-17	-7.6954095e-17	4.1	30
0	-0.49033567	-0.8714572	0	-7.62061e-17	-7.695488e-17	4.2	30
0	-0.40090442	-0.91606075	0	-7.620507e-17	-7.695583e-17	4.3	30
0	-0.30744553	-0.95152235	0	-7.620402e-17	-7.695683e-17	4.4	30
0	-0.2108914	-0.9774788	0	-7.6203094e-17	-7.695769e-17	4.5	30
0	-0.11221003	-0.99366224	0	-7.620245e-17	-7.695829e-17	4.6	30
0	-0.012395304	-0.9999042	0	-7.620219e-17	-7.6958535e-17	4.7	30
0	0.08754465	-0.9961396	0	-7.620235e-17	-7.695839e-17	4.8	30
0	0.18660024	-0.9824078	0	-7.620291e-17	-7.6957867e-17	4.9	30
0	0.28377295	-0.9588516	0	-7.620377e-17	-7.695705e-17	5	30
0	0.37808707	-0.92571515	0	-7.6204815e-17	-7.6956087e-17	5.1	30
0	0.4686008	-0.8833379	0	-7.620585e-17	-7.6955094e-17	5.2	30
0	0.55441517	-0.83215076	0	-7.620674e-17	-7.695427e-17	5.3	30
0	0.63468194	-0.77266777	0	-7.620733e-17	-7.6953704e-17	5.4	30
0	0.7086092	-0.70548177	0	-7.620754e-17	-7.695352e-17	5.5	30
0	0.77546775	-0.6312581	0	-7.620732e-17	-7.695373e-17	5.6	30
0	0.8345956	-0.5507286	0	-7.620671e-17	-7.695429e-17	5.7	30
0	0.88540334	-0.4646879	0	-7.62058e-17	-7.695515e-17	5.8	30
0	0.92737985	-0.3739865	0	-7.620476e-17	-7.6956126e-17	5.9	30
0	0.96009886	-0.2795256	0	-7.6203716e-17	-7.695709e-17	6	30
0	0.98322463	-0.18224879	0	-7.6202876e-17	-7.69579e-17	6.1	30
0	0.9965177	-0.083132885	0	-7.6202326e-17	-7.6958396e-17	6.2	30
0	0.99998295	-2.325508e-10	0	-6.583103e-17	-6.6558876e-17	0	25
0	0.9949738	0.09992177	0	-6.583133e-17	-6.6558565e-17	0.1	25
0	0.98000014	0.19882673	0	-6.5832215e-17	-6.6557745e-17	0.2	25
0	0.9552221	0.2957125	0	-6.583351e-17	-6.655651e-17	0.3	25
0	0.92090183	0.38960436	0	-6.583504e-17	-6.6555065e-17	0.4	25
0	0.8773967	0.4795658	0	-6.583653e-17	-6.6553615e-17	0.5	25
0	0.82515323	0.56470776	0	-6.5837786e-17	-6.655244e-17	0.6	25
0	0.7646964	0.6441969	0	-6.583858e-17	-6.655169e-17	0.7	25
0	0.69662726	0.71725476	0	-6.5838806e-17	-6.655148e-17	0.8	25
0	0.6216146	0.78316694	0	-6.58384e-17	-6.655185e-17	0.9	25
0	0.5403917	0.8412841	0	-6.5837456e-17	-6.655275e-17	1	25
0	0.45375335	0.89102674	0	-6.583611e-17	-6.6554026e-17	1.1	25
0	0.36254978	0.9318917	0	-6.583458e-17	-6.655549e-17	1.2	25
0	0.26768473	0.9634582	0	-6.58331e-17	-6.6556904e-17	1.3	25
0	0.17010733	0.98539555	0	-6.58319e-17	-6.6558036e-17	1.4	25
0	0.07080089	0.99747115	0	-6.583118e-17	-6.655871e-17	1.5	25
0	-0.029226184	0.99955547	0	-6.5831057e-17	-6.655885e-17	1.6	25
0	-0.12895577	0.9916259	0	-6.583154e-17	-6.6558387e-17	1.7	25
0	-0.22737381	0.9737678	0	-6.583255e-17	-6.655742e-17	1.8	25
0	-0.32348424	0.94617164	0	-6.5833935e-17	-6.65561e-17	1.9	25
0	-0.4163232	0.9091279	0	-6.583549e-17	-6.6554634e-17	2	25
0	-0.5049669	0.86302114	0	-6.5836926e-17	-6.655324e-17	2.1	25
0	-0.5885419	0.80832106	0	-6.5838064e-17	-6.655216e-17	2.2	25
0	-0.6662303	0.745576	0	-6.5838706e-17	-6.655156e-17	2.3	25
0	-0.7372724	0.6754072	0	-6.583875e-17	-6.655153e-17	2.4	25
0	-0.8009723	0.5985022	0	-6.583819e-17	-6.6552073e-17	2.5	25
0	-0.8567005	0.5156131	0	-6.5837085e-17	-6.6553086e-17	2.6	25
0	-0.9038989	0.4275512	0	-6.5835676e-17	-6.655445e-17	2.7	25
0	-0.94208807	0.33518288	0	-6.583413e-17	-6.655591e-17	2.8	25
0	-0.97087246	0.23942599	0	-6.583269e-17	-6.655725e-17	2.9	25
0	-0.98994935	0.14124042	0	-6.583164e-17	-6.6558294e-17	3	25
0	-0.9991159	0.04161854	0	-6.5831076e-17	-6.655881e-17	3.1	25
0	-0.99827313	-0.05842702	0	-6.5831136e-17	-6.655877e-17	3.2	25
0	-0.9874306	-0.15787782	0	-6.5831784e-17	-6.655815e-17	3.3	25
0	-0.9667043	-0.2557235	0	-6.583294e-17	-6.655707e-17	3.4	25
0	-0.9363147	-0.3509768	0	-6.5834385e-17	-6.655567e-17	3.5	25
0	-0.89658064	-0.44268388	0	-6.583593e-17	-6.6554204e-17	3.6	25
0	-0.84791225	-0.52993506	0	-6.583732e-17	-6.65529e-17	3.7	25
0	-0.7908026	-0.61187327	0	-6.583832e-17	-6.655194e-17	3.8	25
0	-0.7258223	-0.68769646	0	-6.583877e-17	-6.655149e-17	3.9	25
0	-0.65361214	-0.7566634	0	-6.583864e-17	-6.6551624e-17	4	25
0	-0.5748791	-0.81809735	0	-6.5837906e-17	-6.655231e-17	4.1	25
0	-0.49039298	-0.87138873	0	-6.583671e-17	-6.655346e-17	4.2	25
0	-0.40098146	-0.91600215	0	-6.5835226e-17	-6.655487e-17	4.3	25
0	-0.3075266	-0.9514817	0	-6.58337e-17	-6.6556335e-17	4.4	25
0	-0.21095969	-0.977458	0	-6.583235e-17	-6.655761e-17	4.5	25
0	-0.11225084	-0.9936572	0	-6.5831414e-17	-6.655849e-17	4.6	25
0	-0.012399985	-0.9999061	0	-6.583104e-17	-6.655886e-17	4.7	25
0	0.08757694	-0.9961373	0	-6.583126e-17	-6.655864e-17	4.8	25
0	0.18666276	-0.9823916	0	-6.583207e-17	-6.655787e-17	4.9	25
0	0.28385216	-0.95881593	0	-6.583333e-17	-6.655668e-17	5	25
0	0.3781667	-0.9256604	0	-6.583485e-17	-6.655524e-17	5.1	25
0	0.46866444	-0.8832708	0	-6.583635e-17	-6.6553794e-17	5.2	25
0	0.5544498	-0.832083	0	-6.5837654e-17	-6.655256e-17	5.3	25
0	0.6346828	-0.7726123	0	-6.583851e-17	-6.655175e-17	5.4	25
0	0.70857745	-0.70545137	0	-6.58388e-17	-6.655147e-17	5.5	25
0	0.7754116	-0.63126045	0	-6.583848e-17	-6.655177e-17	5.6	25
0	0.8345274	-0.5507649	0	-6.583761e-17	-6.6552616e-17	5.7	25
0	0.8853365	-0.46475232	0	-6.58363e-17	-6.6553854e-17	5.8	25
0	0.92732584	-0.37406656	0	-6.583477e-17	-6.65553e-17	5.9	25
0	0.96006423	-0.2796047	0	-6.5833273e-17	-6.6556745e-17	6	25
0	0.98320925	-0.18231024	0	-6.583203e-17	-6.655792e-17	6.1	25
0	0.99651587	-0.08316371	0	-6.583124e-17	-6.6558664e-17	6.2	25
0	0.99998474	-2.1252565e-10	0	-5.4352344e-17	-5.5039162e-17	0	20
0	0.994967	0.09997816	0	-5.435276e-17	-5.503876e-17	0.1	20
0	0.9799703	0.19892728	0	-5.4353916e-17	-5.5037613e-17	0.2	20
0	0.9551617	0.29583588	0	-5.435567e-17	-5.5035946e-17	0.3	20
0	0.9208129	0.3897242	0	-5.4357717e-17	-5.5033984e-17	0.4	20
0	0.8772908	0.4796581	0	-5.435973e-17	-5.5032045e-17	0.5	20
0	0.825048	0.56475526	0	-5.4361413e-17	-5.503044e-17	0.6	20
0	0.7646137	0.6441906	0	-5.4362462e-17	-5.5029408e-17	0.7	20
0	0.69658494	0.71719915	0	-5.4362763e-17	-5.502913e-17	0.8	20
0	0.62162375	0.78307563	0	-5.4362244e-17	-5.5029643e-17	0.9	20
0	0.54045343	0.8411765	0	-5.4360976e-17	-5.503086e-17	1	20
0	0.45385617	0.89092386	0	-5.4359167e-17	-5.503258e-17	1.1	20
0	0.3626736	0.93181044	0	-5.435711e-17	-5.5034563e-17	1.2	20
0	0.2678044	0.9634069	0	-5.4355127e-17	-5.503649e-17	1.3	20
0	0.17019698	0.9853737	0	-5.4353512e-17	-5.5038024e-17	1.4	20
0	0.0708411	0.99746865	0	-5.4352546e-17	-5.5038957e-17	1.5	20
0	-0.02924322	0.9995564	0	-5.435238e-17	-5.5039126e-17	1.6	20
0	-0.12902679	0.9916137	0	-5.435302e-17	-5.5038504e-17	1.7	20
0	-0.22748353	0.97372943	0	-5.4354392e-17	-5.5037183e-17	1.8	20
0	-0.32360932	0.9461024	0	-5.4356255e-17	-5.5035393e-17	1.9	20
0	-0.4164377	0.9090324	0	-5.4358326e-17	-5.5033395e-17	2	20
0	-0.50504756	0.8629132	0	-5.4360272e-17	-5.5031522e-17	2.1	20
0	-0.5885737	0.8082203	0	-5.436179e-17	-5.5030066e-17	2.2	20
0	-0.66620857	0.74550354	0	-5.436264e-17	-5.502926e-17	2.3	20
0	-0.73720473	0.6753791	0	-5.4362697e-17	-5.5029203e-17	2.4	20
0	-0.80087394	0.5985274	0	-5.436195e-17	-5.502994e-17	2.5	20
0	-0.8565921	0.5156884	0	-5.4360493e-17	-5.503132e-17	2.6	20
0	-0.9038009	0.42766252	0	-5.4358588e-17	-5.5033163e-17	2.7	20
0	-0.942015	0.3353082	0	-5.4356503e-17	-5.5035145e-17	2.8	20
0	-0.97083026	0.23953915	0	-5.4354594e-17	-5.5036985e-17	2.9	20
0	-0.98993444	0.14131723	0	-5.435317e-17	-5.503838e-17	3	20
0	-0.99911594	0.041642744	0	-5.4352417e-17	-5.503909e-17	3.1	20
0	-0.9982719	-0.05846076	0	-5.435249e-17	-5.5039026e-17	3.2	20
0	-0.98741156	-0.15796211	0	-5.4353356e-17	-5.5038176e-17	3.3	20
0	-0.966657	-0.25584078	0	-5.4354908e-17	-5.5036707e-17	3.4	20
0	-0.9362368	-0.35110146	0	-5.4356854e-17	-5.5034818e-17	3.5	20
0	-0.8964798	-0.44279063	0	-5.4358925e-17	-5.5032836e-17	3.6	20
0	-0.84780407	-0.53000283	0	-5.4360775e-17	-5.5031046e-17	3.7	20
0	-0.79070795	-0.61188936	0	-5.436212e-17	-5.502976e-17	3.8	20
0	-0.72576135	-0.68766016	0	-5.4362753e-17	-5.502916e-17	3.9	20
0	-0.6535992	-0.7565849	0	-5.4362558e-17	-5.5029335e-17	4	20
0	-0.5749199	-0.81799376	0	-5.4361582e-17	-5.503027e-17	4.1	20
0	-0.4904808	-0.87128156	0	-5.4359964e-17	-5.5031817e-17	4.2	20
0	-0.4010994	-0.91591024	0	-5.435797e-17	-5.503373e-17	4.3	20
0	-0.30765104	-0.95141745	0	-5.4355914e-17	-5.503571e-17	4.4	20
0	-0.21106449	-0.9774247	0	-5.4354117e-17	-5.5037445e-17	4.5	20
0	-0.112313606	-0.9936482	0	-5.435286e-17	-5.5038652e-17	4.6	20
0	-0.01240725	-0.99990755	0	-5.4352347e-17	-5.503915e-17	4.7	20
0	0.08762687	-0.99613243	0	-5.4352658e-17	-5.5038848e-17	4.8	20
0	0.18675905	-0.9823651	0	-5.435374e-17	-5.5037802e-17	4.9	20
0	0.28397417	-0.9587595	0	-5.435543e-17	-5.5036174e-17	5	20
0	0.37828872	-0.9255745	0	-5.4357463e-17	-5.503423e-17	5.1	20
0	0.46876147	-0.88316584	0	-5.4359494e-17	-5.503227e-17	5.2	20
0	0.5545036	-0.83197635	0	-5.436123e-17	-5.503061e-17	5.3	20
0	0.634683	-0.7725257	0	-5.4362373e-17	-5.5029494e-17	5.4	20
0	0.70852745	-0.7054033	0	-5.4362776e-17	-5.5029127e-17	5.5	20
0	0.7753236	-0.6312631	0	-5.436235e-17	-5.502954e-17	5.6	20
0	0.83442056	-0.55082065	0	-5.4361162e-17	-5.5030665e-17	5.7	20
0	0.8852321	-0.46485117	0	-5.4359418e-17	-5.5032363e-17	5.8	20
0	0.9272412	-0.374189	0	-5.435736e-17	-5.503431e-17	5.9	20
0	0.9600091	-0.279726	0	-5.4355345e-17	-5.5036254e-17	6	20
0	0.98318404	-0.18240489	0	-5.435369e-17	-5.503787e-17	6.1	20
0	0.9965114	-0.08321122	0	-5.4352632e-17	-5.5038884e-17	6.2	20
0	0.9999917	-1.476648e-10	0	-4.1681416e-17	-4.2319652e-17	0	15
0	0.9949564	0.100095466	0	-4.1681985e-17	-4.2319093e-17	0.1	15
0	0.97991204	0.19913675	0	-4.168361e-17	-4.2317525e-17	0.2	15
0	0.9550404	0.29609254	0	-4.1686022e-17	-4.231519e-17	0.3	15
0	0.92063236	0.38997468	0	-4.1688834e-17	-4.2312452e-17	0.4	15
0	0.8770745	0.4798516	0	-4.169162e-17	-4.2309772e-17	0.5	15
0	0.8248346	0.5648542	0	-4.1693926e-17	-4.2307555e-17	0.6	15
0	0.7644457	0.6441803	0	-4.1695395e-17	-4.230615e-17	0.7	15
0	0.69650066	0.7170872	0	-4.1695802e-17	-4.2305765e-17	0.8	15
0	0.62164587	0.78288996	0	-4.169507e-17	-4.230646e-17	0.9	15
0	0.54058254	0.8409578	0	-4.169333e-17	-4.2308138e-17	1	15
0	0.45407054	0.89071476	0	-4.1690836e-17	-4.2310527e-17	1.1	15
0	0.36293155	0.93164545	0	-4.1688e-17	-4.231327e-17	1.2	15
0	0.26805308	0.9633044	0	-4.1685257e-17	-4.2315923e-17	1.3	15
0	0.17038356	0.98533183	0	-4.168304e-17	-4.2318074e-17	1.4	15
0	0.070926264	0.99746674	0	-4.1681707e-17	-4.2319374e-17	1.5	15
0	-0.029278757	0.9995619	0	-4.168147e-17	-4.23196e-17	1.6	15
0	-0.12917483	0.9915917	0	-4.168236e-17	-4.231873e-17	1.7	15
0	-0.22771212	0.97365355	0	-4.1684248e-17	-4.231691e-17	1.8	15
0	-0.3238699	0.9459622	0	-4.1686822e-17	-4.231441e-17	1.9	15
0	-0.41667604	0.90883833	0	-4.1689678e-17	-4.231165e-17	2	15
0	-0.5052161	0.86269355	0	-4.169236e-17	-4.230906e-17	2.1	15
0	-0.5886413	0.80801594	0	-4.1694456e-17	-4.2307052e-17	2.2	15
0	-0.6661669	0.7453567	0	-4.169563e-17	-4.230592e-17	2.3	15
0	-0.7370675	0.67532444	0	-4.169571e-17	-4.230586e-17	2.4	15
0	-0.8006743	0.5985815	0	-4.1694654e-17	-4.2306857e-17	2.5	15
0	-0.8563722	0.51584566	0	-4.169267e-17	-4.2308783e-17	2.6	15
0	-0.9036017	0.42789468	0	-4.1690025e-17	-4.231131e-17	2.7	15
0	-0.9418673	0.3355688	0	-4.1687167e-17	-4.2314077e-17	2.8	15
0	-0.9707465	0.23977458	0	-4.1684536e-17	-4.2316625e-17	2.9	15
0	-0.989907	0.14147747	0	-4.1682548e-17	-4.2318557e-17	3	15
0	-0.9991199	0.041693136	0	-4.168152e-17	-4.2319556e-17	3.1	15
0	-0.9982728	-0.058531158	0	-4.1681618e-17	-4.2319463e-17	3.2	15
0	-0.9873761	-0.1581379	0	-4.1682822e-17	-4.231829e-17	3.3	15
0	-0.96656245	-0.25608435	0	-4.1684936e-17	-4.2316224e-17	3.4	15
0	-0.9360791	-0.35136116	0	-4.168765e-17	-4.2313617e-17	3.5	15
0	-0.89627445	-0.44301313	0	-4.1690502e-17	-4.231086e-17	3.6	15
0	-0.8475844	-0.5301441	0	-4.1693053e-17	-4.2308396e-17	3.7	15
0	-0.790516	-0.611925	0	-4.1694912e-17	-4.2306626e-17	3.8	15
0	-0.72563845	-0.6875883	0	-4.1695773e-17	-4.2305792e-17	3.9	15
0	-0.65357554	-0.75642556	0	-4.1695505e-17	-4.230604e-17	4	15
0	-0.57500577	-0.81778365	0	-4.1694158e-17	-4.2307337e-17	4.1	15
0	-0.49066392	-0.87106353	0	-4.1691944e-17	-4.2309468e-17	4.2	15
0	-0.40134525	-0.9157236	0	-4.1689195e-17	-4.231211e-17	4.3	15
0	-0.30790994	-0.95128816	0	-4.168636e-17	-4.231486e-17	4.4	15
0	-0.21128263	-0.9773592	0	-4.168387e-17	-4.2317266e-17	4.5	15
0	-0.112444244	-0.9936332	0	-4.168214e-17	-4.2318954e-17	4.6	15
0	-0.012422331	-0.9999143	0	-4.1681426e-17	-4.231964e-17	4.7	15
0	0.08773064	-0.99612594	0	-4.1681863e-17	-4.231923e-17	4.8	15
0	0.18695928	-0.982314	0	-4.168336e-17	-4.2317766e-17	4.9	15
0	0.28422797	-0.9586462	0	-4.168569e-17	-4.2315506e-17	5	15
0	0.37854275	-0.9254003	0	-4.1688487e-17	-4.2312806e-17	5.1	15
0	0.46896407	-0.88295233	0	-4.1691296e-17	-4.231009e-17	5.2	15
0	0.55461556	-0.8317602	0	-4.1693685e-17	-4.2307797e-17	5.3	15
0	0.63468623	-0.77235013	0	-4.1695273e-17	-4.230627e-17	5.4	15
0	0.70842695	-0.705307	0	-4.1695812e-17	-4.2305752e-17	5.5	15
0	0.77514523	-0.63127136	0	-4.1695223e-17	-4.2306318e-17	5.6	15
0	0.83420384	-0.5509372	0	-4.169359e-17	-4.230788e-17	5.7	15
0	0.88501966	-0.46505657	0	-4.1691177e-17	-4.2310206e-17	5.8	15
0	0.9270695	-0.37444413	0	-4.168835e-17	-4.2312922e-17	5.9	15
0	0.95989865	-0.27997848	0	-4.1685575e-17	-4.231562e-17	6	15
0	0.9831354	-0.18260165	0	-4.168328e-17	-4.2317855e-17	6.1	15
0	0.99650633	-0.08330995	0	-4.1681813e-17	-4.231926e-17	6.2	15
0	0.999995	-9.2383205e-11	0	-2.9282147e-17	-2.983985e-17	0	10
0	0.9949302	0.10028954	0	-2.9282842e-17	-2.983916e-17	0.1	10
0	0.97980696	0.19948228	0	-2.9284827e-17	-2.9837225e-17	0.2	10
0	0.9548304	0.29651493	0	-2.9287775e-17	-2.9834343e-17	0.3	10
0	0.92032516	0.39038426	0	-2.9291223e-17	-2.9831008e-17	0.4	10
0	0.8767098	0.4801649	0	-2.9294615e-17	-2.9827723e-17	0.5	10
0	0.8244748	0.5650116	0	-2.9297427e-17	-2.9825013e-17	0.6	10
0	0.76416194	0.6441568	0	-2.929921e-17	-2.9823302e-17	0.7	10
0	0.6963549	0.71689594	0	-2.9299707e-17	-2.982284e-17	0.8	10
0	0.6216753	0.78257704	0	-2.9298817e-17	-2.9823683e-17	0.9	10
0	0.5407896	0.8405894	0	-2.9296696e-17	-2.9825724e-17	1	10
0	0.45441967	0.8903611	0	-2.929366e-17	-2.9828642e-17	1.1	10
0	0.36335403	0.93136394	0	-2.929019e-17	-2.983199e-17	1.2	10
0	0.2684615	0.963126	0	-2.9286842e-17	-2.983526e-17	1.3	10
0	0.17069128	0.9852536	0	-2.9284133e-17	-2.98379e-17	1.4	10
0	0.071066126	0.997455	0	-2.92825e-17	-2.9839505e-17	1.5	10
0	-0.02933734	0.9995626	0	-2.9282207e-17	-2.983979e-17	1.6	10
0	-0.12941901	0.9915467	0	-2.9283302e-17	-2.9838717e-17	1.7	10
0	-0.22808872	0.9735191	0	-2.9285608e-17	-2.983646e-17	1.8	10
0	-0.32429832	0.94572145	0	-2.9288755e-17	-2.9833397e-17	1.9	10
0	-0.41706538	0.90850896	0	-2.9292242e-17	-2.9830016e-17	2	10
0	-0.5054888	0.862323	0	-2.9295518e-17	-2.9826852e-17	2.1	10
0	-0.5887471	0.8076708	0	-2.929807e-17	-2.98244e-17	2.2	10
0	-0.66609144	0.74510753	0	-2.92995e-17	-2.9823034e-17	2.3	10
0	-0.7368347	0.67522746	0	-2.9299588e-17	-2.982295e-17	2.4	10
0	-0.8003375	0.5986647	0	-2.9298314e-17	-2.9824166e-17	2.5	10
0	-0.85600066	0.51610005	0	-2.929589e-17	-2.9826508e-17	2.6	10
0	-0.90326416	0.4282736	0	-2.9292672e-17	-2.9829602e-17	2.7	10
0	-0.941614	0.3359971	0	-2.928918e-17	-2.983298e-17	2.8	10
0	-0.97059923	0.24016227	0	-2.928596e-17	-2.983611e-17	2.9	10
0	-0.98985296	0.1417417	0	-2.9283527e-17	-2.983849e-17	3	10
0	-0.99911803	0.041775957	0	-2.9282263e-17	-2.9839723e-17	3.1	10
0	-0.9982658	-0.058647208	0	-2.928239e-17	-2.9839617e-17	3.2	10
0	-0.9873086	-0.15842803	0	-2.9283858e-17	-2.9838165e-17	3.3	10
0	-0.9663972	-0.25648478	0	-2.928646e-17	-2.983563e-17	3.4	10
0	-0.9358093	-0.3517869	0	-2.9289757e-17	-2.9832414e-17	3.5	10
0	-0.895927	-0.4433756	0	-2.929324e-17	-2.982904e-17	3.6	10
0	-0.8472138	-0.5303721	0	-2.9296358e-17	-2.9826045e-17	3.7	10
0	-0.79019237	-0.61197704	0	-2.9298615e-17	-2.9823875e-17	3.8	10
0	-0.725429	-0.6874627	0	-2.929967e-17	-2.9822872e-17	3.9	10
0	-0.6535298	-0.7561557	0	-2.9299353e-17	-2.9823176e-17	4	10
0	-0.575141	-0.8174296	0	-2.9297705e-17	-2.9824748e-17	4.1	10
0	-0.49096084	-0.8706955	0	-2.9295002e-17	-2.9827342e-17	4.2	10
0	-0.40174732	-0.9154066	0	-2.9291653e-17	-2.9830578e-17	4.3	10
0	-0.30833587	-0.951065	0	-2.9288186e-17	-2.9833946e-17	4.4	10
0	-0.21164213	-0.97724164	0	-2.928515e-17	-2.983691e-17	4.5	10
0	-0.112660244	-0.9935996	0	-2.9283024e-17	-2.9838985e-17	4.6	10
0	-0.0124472575	-0.9999172	0	-2.9282157e-17	-2.983984e-17	4.7	10
0	0.0879018	-0.9961065	0	-2.9282683e-17	-2.9839323e-17	4.8	10
0	0.1872895	-0.9822206	0	-2.9284523e-17	-2.9837523e-17	4.9	10
0	0.28464544	-0.9584496	0	-2.9287372e-17	-2.983474e-17	5	10
0	0.37895885	-0.92510366	0	-2.9290783e-17	-2.9831425e-17	5.1	10
0	0.46929342	-0.8825916	0	-2.9294214e-17	-2.9828106e-17	5.2	10
0	0.5547947	-0.83139586	0	-2.9297126e-17	-2.9825307e-17	5.3	10
0	0.6346852	-0.7720532	0	-2.9299058e-17	-2.982345e-17	5.4	10
0	0.7082546	-0.70514154	0	-2.929972e-17	-2.9822822e-17	5.5	10
0	0.774844	-0.6312781	0	-2.9299005e-17	-2.982351e-17	5.6	10
0	0.833838	-0.5511239	0	-2.9297013e-17	-2.9825416e-17	5.7	10
0	0.8846604	-0.46539173	0	-2.9294065e-17	-2.982825e-17	5.8	10
0	0.92677665	-0.37486246	0	-2.9290628e-17	-2.9831574e-17	5.9	10
0	0.95970684	-0.280394	0	-2.928723e-17	-2.9834876e-17	6	10
0	0.9830461	-0.1829261	0	-2.9284414e-17	-2.9837626e-17	6.1	10
0	0.996489	-0.08347318	0	-2.928263e-17	-2.983937e-17	6.2	10
