# t (s)	mx ()	my ()	mz ()	Jx (A/m2)	Jy (A/m2)	Jz (A/m2)	ext_bubbleposx (m)	ext_bubbleposy (m)	ext_bubbleposz (m)
0	1.9013738e-05	9.313226e-10	-0.96599066	-7.1e+11	0	0	-2.9139716e-08	-4.9921606e-10	0
1.0026710344476722e-11	-5.957246e-05	-1.8938445e-05	-0.9659889	-7.1e+11	0	0	-2.8935807e-08	-5.222073e-10	0
2.0008891265358604e-11	7.731678e-06	3.430061e-06	-0.965986	-7.1e+11	0	0	-2.8744438e-08	-5.431824e-10	0
3.002064703360501e-11	-4.406921e-05	-1.2095086e-05	-0.96598446	-7.1e+11	0	0	-2.8544022e-08	-5.6632043e-10	0
4.003317624696732e-11	-3.8464323e-06	-6.6673383e-06	-0.9659854	-7.1e+11	0	0	-2.8346992e-08	-5.892525e-10	0
5.0005965919256795e-11	-2.8809292e-05	-9.8524615e-06	-0.9659877	-7.1e+11	0	0	-2.8147301e-08	-6.110344e-10	0
6.001164127674455e-11	-9.542273e-06	-9.348616e-06	-0.96599007	-7.1e+11	0	0	-2.7947419e-08	-6.3360023e-10	0
7.001724808201685e-11	-1.9948171e-05	-1.0878779e-05	-0.9659914	-7.1e+11	0	0	-2.7746704e-08	-6.5574074e-10	0
8.002267022289626e-11	-9.907875e-06	-1.14375725e-05	-0.96599185	-7.1e+11	0	0	-2.7546479e-08	-6.779213e-10	0
9.002778037538372e-11	-1.3610829e-05	-1.2124889e-05	-0.9659922	-7.1e+11	0	0	-2.7345084e-08	-6.99894e-10	0
1.0003232707768816e-10	-7.98916e-06	-1.3031997e-05	-0.9659934	-7.1e+11	0	0	-2.7143585e-08	-7.2197726e-10	0
1.1003638286658657e-10	-8.29256e-06	-1.3737008e-05	-0.96599543	-7.1e+11	0	0	-2.6940919e-08	-7.4370005e-10	0
1.2000337929183655e-10	-4.4795456e-06	-1.4459714e-05	-0.96599793	-7.1e+11	0	0	-2.6738396e-08	-7.652588e-10	0
1.300070330890776e-10	-3.228969e-06	-1.52485445e-05	-0.96600056	-7.1e+11	0	0	-2.6534934e-08	-7.869091e-10	0
1.400106301732e-10	3.270361e-08	-1.594238e-05	-0.9660032	-7.1e+11	0	0	-2.633062e-08	-8.082504e-10	0
1.5001418994689848e-10	2.1666115e-06	-1.6693957e-05	-0.9660058	-7.1e+11	0	0	-2.6126076e-08	-8.2946017e-10	0
1.600177645606698e-10	5.3572617e-06	-1.7361715e-05	-0.9660088	-7.1e+11	0	0	-2.5920714e-08	-8.5069657e-10	0
1.700213317832124e-10	8.099835e-06	-1.8080696e-05	-0.9660123	-7.1e+11	0	0	-2.5715133e-08	-8.71521e-10	0
1.8002491776893586e-10	1.1490878e-05	-1.8740073e-05	-0.9660165	-7.1e+11	0	0	-2.550878e-08	-8.922577e-10	0
1.9002853714945307e-10	1.4760186e-05	-1.9391999e-05	-0.9660212	-7.1e+11	0	0	-2.5301933e-08	-9.128628e-10	0
2.0003216834908704e-10	1.8477498e-05	-2.003368e-05	-0.96602625	-7.1e+11	0	0	-2.509423e-08	-9.331074e-10	0
2.1003583546968712e-10	2.2286516e-05	-2.063252e-05	-0.96603185	-7.1e+11	0	0	-2.488649e-08	-9.531136e-10	0
2.2000270945610175e-10	2.6427944e-05	-2.1222979e-05	-0.96603805	-7.1e+11	0	0	-2.4678398e-08	-9.726391e-10	0
2.3000638387836733e-10	3.0795418e-05	-2.1778978e-05	-0.966045	-7.1e+11	0	0	-2.4469323e-08	-9.921226e-10	0
2.400100729451209e-10	3.5499077e-05	-2.2307038e-05	-0.96605283	-7.1e+11	0	0	-2.4259819e-08	-1.0111351e-09	0
2.5001377275598557e-10	4.048578e-05	-2.2797845e-05	-0.9660616	-7.1e+11	0	0	-2.4049225e-08	-1.0296765e-09	0
2.6001746954215165e-10	4.5826477e-05	-2.3253262e-05	-0.96607137	-7.1e+11	0	0	-2.383831e-08	-1.0479316e-09	0
2.700211770780383e-10	5.1514635e-05	-2.3661181e-05	-0.9660822	-7.1e+11	0	0	-2.36269e-08	-1.065485e-09	0
2.8002488249048387e-10	5.7592522e-05	-2.402626e-05	-0.9660943	-7.1e+11	0	0	-2.3414925e-08	-1.0825901e-09	0
2.9002859205909404e-10	6.407284e-05	-2.4337322e-05	-0.96610785	-7.1e+11	0	0	-2.3202004e-08	-1.0991211e-09	0
3.0003231147679626e-10	7.098998e-05	-2.4587847e-05	-0.966123	-7.1e+11	0	0	-2.2989212e-08	-1.1149197e-09	0
3.100360429768039e-10	7.836672e-05	-2.4775974e-05	-0.9661398	-7.1e+11	0	0	-2.2775506e-08	-1.1298523e-09	0
3.2000301170274643e-10	8.619933e-05	-2.489239e-05	-0.9661585	-7.1e+11	0	0	-2.2561927e-08	-1.1439686e-09	0
3.300067828319288e-10	9.4578565e-05	-2.4931505e-05	-0.96617955	-7.1e+11	0	0	-2.2346656e-08	-1.1570778e-09	0
3.400105616881514e-10	0.000103492006	-2.4887733e-05	-0.9662028	-7.1e+11	0	0	-2.213121e-08	-1.1690483e-09	0
3.5001433858607336e-10	0.00011297827	-2.4747103e-05	-0.9662287	-7.1e+11	0	0	-2.1914962e-08	-1.1797753e-09	0
3.6001813976592893e-10	0.00012304833	-2.450496e-05	-0.96625745	-7.1e+11	0	0	-2.1698364e-08	-1.189148e-09	0
3.700219770624568e-10	0.0001337348	-2.4154782e-05	-0.96628934	-7.1e+11	0	0	-2.1481284e-08	-1.1969928e-09	0
3.800257988913927e-10	0.00014504167	-2.3686327e-05	-0.9663245	-7.1e+11	0	0	-2.126339e-08	-1.2031403e-09	0
3.900296505293909e-10	0.00015698817	-2.3093075e-05	-0.9663633	-7.1e+11	0	0	-2.1045265e-08	-1.2074738e-09	0
4.000335148624011e-10	0.00016957449	-2.2367574e-05	-0.96640605	-7.1e+11	0	0	-2.0826546e-08	-1.2095642e-09	0
4.100006101523694e-10	0.00018275241	-2.1503307e-05	-0.9664527	-7.1e+11	0	0	-2.0608299e-08	-1.2094535e-09	0
4.2000450636396174e-10	0.0001966006	-2.0486303e-05	-0.96650374	-7.1e+11	0	0	-2.0388809e-08	-1.2068482e-09	0
4.3000845520036247e-10	0.00021105456	-1.9318424e-05	-0.9665593	-7.1e+11	0	0	-2.0169212e-08	-1.2014199e-09	0
4.400123929579333e-10	0.00022607006	-1.7995946e-05	-0.9666196	-7.1e+11	0	0	-1.994931e-08	-1.1930275e-09	0
4.50016331619478e-10	0.00024160705	-1.6507693e-05	-0.96668446	-7.1e+11	0	0	-1.9729294e-08	-1.1815013e-09	0
4.6002029991706777e-10	0.00025758866	-1.487229e-05	-0.9667539	-7.1e+11	0	0	-1.9509338e-08	-1.1663189e-09	0
4.700242595106879e-10	0.00027395278	-1.30767e-05	-0.966828	-7.1e+11	0	0	-1.9289558e-08	-1.147543e-09	0
4.800282575525178e-10	0.00029059197	-1.1127442e-05	-0.96690637	-7.1e+11	0	0	-1.9070626e-08	-1.1248226e-09	0
4.900322597367462e-10	0.00030740575	-9.037554e-06	-0.9669887	-7.1e+11	0	0	-1.8851722e-08	-1.0979958e-09	0
5.00036301857304e-10	0.00032427744	-6.8070367e-06	-0.96707463	-7.1e+11	0	0	-1.8634003e-08	-1.0669098e-09	0
5.100035742261114e-10	0.00034100903	-4.4647604e-06	-0.9671633	-7.1e+11	0	0	-1.8417717e-08	-1.0314006e-09	0
5.200076328906575e-10	0.00035759425	-2.000481e-06	-0.9672547	-7.1e+11	0	0	-1.820218e-08	-9.913788e-10	0
5.300117198760155e-10	0.00037382642	5.569309e-07	-0.9673478	-7.1e+11	0	0	-1.7988198e-08	-9.467468e-10	0
5.400158378612518e-10	0.0003895723	3.196299e-06	-0.96744156	-7.1e+11	0	0	-1.7775818e-08	-8.975716e-10	0
5.500199548693568e-10	0.00040468492	5.898997e-06	-0.9675356	-7.1e+11	0	0	-1.7565277e-08	-8.437653e-10	0
5.600240858740134e-10	0.0004190486	8.646399e-06	-0.96762854	-7.1e+11	0	0	-1.7357598e-08	-7.855759e-10	0
5.700282457767359e-10	0.0004325435	1.1418946e-05	-0.96771973	-7.1e+11	0	0	-1.715223e-08	-7.230549e-10	0
5.800324069268377e-10	0.00044507405	1.4208257e-05	-0.96780825	-7.1e+11	0	0	-1.6949516e-08	-6.5651323e-10	0
5.900366163050803e-10	0.00045656296	1.699198e-05	-0.96789324	-7.1e+11	0	0	-1.6749985e-08	-5.8623695e-10	0
6.000040180547254e-10	0.00046691962	1.9744039e-05	-0.9679737	-7.1e+11	0	0	-1.6553978e-08	-5.127697e-10	0
6.100082561352177e-10	0.00047619836	2.2480264e-05	-0.9680498	-7.1e+11	0	0	-1.6360191e-08	-4.3601608e-10	0
6.200124965766437e-10	0.0004843434	2.517458e-05	-0.96812063	-7.1e+11	0	0	-1.6170281e-08	-3.5660364e-10	0
6.300167432665719e-10	0.00049138744	2.7818605e-05	-0.968186	-7.1e+11	0	0	-1.598355e-08	-2.7487754e-10	0
6.400210245651285e-10	0.00049736636	3.040675e-05	-0.9682458	-7.1e+11	0	0	-1.579969e-08	-1.9151497e-10	0
6.50025308582353e-10	0.00050234457	3.293529e-05	-0.9683	-7.1e+11	0	0	-1.5619438e-08	-1.0699463e-10	0
6.600296293544361e-10	0.0005063973	3.5396777e-05	-0.96834886	-7.1e+11	0	0	-1.5441842e-08	-2.1570206e-11	0
6.700339429667755e-10	0.00050962396	3.7791207e-05	-0.96839285	-7.1e+11	0	0	-1.5267418e-08	6.4235686e-11	0
6.800014927365385e-10	0.0005121006	4.0120445e-05	-0.9684321	-7.1e+11	0	0	-1.5096298e-08	1.4970399e-10	0
6.900058556767203e-10	0.0005139528	4.2386353e-05	-0.96846765	-7.1e+11	0	0	-1.4927377e-08	2.3513413e-10	0
7.000102200234878e-10	0.00051525974	4.4589862e-05	-0.96849984	-7.1e+11	0	0	-1.4760552e-08	3.1973266e-10	0
7.10014608514492e-10	0.00051611516	4.6727248e-05	-0.96852934	-7.1e+11	0	0	-1.4595909e-08	4.033623e-10	0
7.200190200471578e-10	0.0005166067	4.880596e-05	-0.9685565	-7.1e+11	0	0	-1.443338e-08	4.8572923e-10	0
7.300234215357171e-10	0.00051680056	5.082786e-05	-0.96858233	-7.1e+11	0	0	-1.4272926e-08	5.6650923e-10	0
7.400278276669149e-10	0.00051676505	5.279202e-05	-0.9686069	-7.1e+11	0	0	-1.411425e-08	6.4567945e-10	0
7.500322700214198e-10	0.0005165512	5.4709613e-05	-0.96863085	-7.1e+11	0	0	-1.395684e-08	7.231407e-10	0
7.600367353357812e-10	0.0005162061	5.657319e-05	-0.96865445	-7.1e+11	0	0	-1.3801125e-08	7.9873275e-10	0
7.700044280376719e-10	0.0005157649	5.8388337e-05	-0.96867806	-7.1e+11	0	0	-1.3647476e-08	8.7221524e-10	0
7.80008903669707e-10	0.0005152469	6.0168095e-05	-0.96870196	-7.1e+11	0	0	-1.3494606e-08	9.44149e-10	0
7.900134099807407e-10	0.00051468116	6.19106e-05	-0.9687263	-7.1e+11	0	0	-1.3342979e-08	1.0142975e-09	0
8.000179300894057e-10	0.00051407097	6.362703e-05	-0.9687512	-7.1e+11	0	0	-1.3192261e-08	1.0826454e-09	0
8.100224609424799e-10	0.000513434	6.530527e-05	-0.9687767	-7.1e+11	0	0	-1.30431514e-08	1.1491318e-09	0
8.200269887703411e-10	0.00051277154	6.696675e-05	-0.968803	-7.1e+11	0	0	-1.2894836e-08	1.2142105e-09	0
8.300315548126224e-10	0.00051208644	6.860681e-05	-0.96883005	-7.1e+11	0	0	-1.2747773e-08	1.2777405e-09	0
8.40036128598191e-10	0.00051137956	7.023942e-05	-0.9688577	-7.1e+11	0	0	-1.2601936e-08	1.3398399e-09	0
8.500039425695702e-10	0.0005106558	7.185154e-05	-0.9688859	-7.1e+11	0	0	-1.2457764e-08	1.4004707e-09	0
8.600085214683674e-10	0.0005099054	7.347111e-05	-0.968915	-7.1e+11	0	0	-1.2314163e-08	1.460247e-09	0
8.700131251059999e-10	0.00050912844	7.5088814e-05	-0.96894455	-7.1e+11	0	0	-1.21721575e-08	1.5189248e-09	0
8.800177603632707e-10	0.00050832744	7.671956e-05	-0.96897453	-7.1e+11	0	0	-1.203067e-08	1.5767975e-09	0
8.900223901349064e-10	0.00050749583	7.835124e-05	-0.96900517	-7.1e+11	0	0	-1.1890403e-08	1.6339531e-09	0
9.000270260666147e-10	0.00050663645	8.00062e-05	-0.9690361	-7.1e+11	0	0	-1.1751518e-08	1.6904564e-09	0
9.100316936111078e-10	0.0005057473	8.167699e-05	-0.96906734	-7.1e+11	0	0	-1.16141585e-08	1.7466507e-09	0
9.200363632280376e-10	0.0005048291	8.337945e-05	-0.96909875	-7.1e+11	0	0	-1.147773e-08	1.8025093e-09	0
9.300042488908013e-10	0.00050388207	8.5094944e-05	-0.9691303	-7.1e+11	0	0	-1.1342919e-08	1.8579673e-09	0
9.400089533945605e-10	0.00050290837	8.6857006e-05	-0.9691621	-7.1e+11	0	0	-1.1209274e-08	1.9135817e-09	0
9.500136559613244e-10	0.0005018995	8.8652596e-05	-0.96919405	-7.1e+11	0	0	-1.1076752e-08	1.9692994e-09	0
9.600183853851786e-10	0.0005008744	9.047892e-05	-0.9692261	-7.1e+11	0	0	-1.09459e-08	2.0251885e-09	0
9.70023126456789e-10	0.0004998174	9.2356466e-05	-0.9692582	-7.1e+11	0	0	-1.0816284e-08	2.0814017e-09	0
9.800278680619905e-10	0.00049874245	9.42694e-05	-0.9692903	-7.1e+11	0	0	-1.0687531e-08	2.138054e-09	0
9.90032608702091e-10	0.00049764395	9.623449e-05	-0.96932256	-7.1e+11	0	0	-1.0560883e-08	2.195053e-09	0
1.0000005918423788e-09	0.000496525	9.823311e-05	-0.96935475	-7.1e+11	0	0	-1.0435952e-08	2.2525444e-09	0
1.0100053594759138e-09	0.0004953863	0.000100284815	-0.9693873	-7.1e+11	0	0	-1.0312309e-08	2.3108253e-09	0
1.0200101480597975e-09	0.00049422187	0.00010238681	-0.96941984	-7.1e+11	0	0	-1.019001e-08	2.370018e-09	0
1.030014939348468e-09	0.00049303443	0.00010452885	-0.9694527	-7.1e+11	0	0	-1.0069099e-08	2.429718e-09	0
1.0400197354648141e-09	0.0004918205	0.00010671839	-0.9694859	-7.1e+11	0	0	-9.949913e-09	2.4903144e-09	0
1.0500245375495651e-09	0.0004905801	0.000108949374	-0.9695194	-7.1e+11	0	0	-9.8326876e-09	2.5517426e-09	0
1.0600293471280195e-09	0.00048929785	0.00011122413	-0.9695534	-7.1e+11	0	0	-9.716995e-09	2.6139222e-09	0
1.070034165831962e-09	0.00048798014	0.000113531016	-0.96958816	-7.1e+11	0	0	-9.602905e-09	2.6769371e-09	0
1.0800022277220106e-09	0.00048661724	0.00011586957	-0.96962327	-7.1e+11	0	0	-9.491112e-09	2.7405205e-09	0
1.0900070783010625e-09	0.00048519392	0.00011824723	-0.9696594	-7.1e+11	0	0	-9.3800585e-09	2.8051377e-09	0
1.1000119194645603e-09	0.00048370325	0.000120649114	-0.96969646	-7.1e+11	0	0	-9.271248e-09	2.8704414e-09	0
1.1100167945239989e-09	0.00048214023	0.00012307242	-0.9697344	-7.1e+11	0	0	-9.163986e-09	2.9363785e-09	0
1.1200216539612548e-09	0.00048049082	0.000125519	-0.96977353	-7.1e+11	0	0	-9.058502e-09	3.0029221e-09	0
1.130026525374863e-09	0.00047874457	0.0001279749	-0.96981394	-7.1e+11	0	0	-8.954643e-09	3.070053e-09	0
1.1400313898640574e-09	0.0004768964	0.00013044383	-0.96985567	-7.1e+11	0	0	-8.853309e-09	3.1375846e-09	0
1.1500362625197501e-09	0.00047492716	0.00013290765	-0.96989864	-7.1e+11	0	0	-8.753052e-09	3.205742e-09	0
1.1600043565703978e-09	0.00047284373	0.00013536774	-0.9699429	-7.1e+11	0	0	-8.655052e-09	3.2736511e-09	0
1.1700092646683106e-09	0.000470615	0.00013782643	-0.9699888	-7.1e+11	0	0	-8.558632e-09	3.3419763e-09	0
1.1800141198047458e-09	0.00046824652	0.00014027487	-0.9700364	-7.1e+11	0	0	-8.4635925e-09	3.4102707e-09	0
1.1900190262428768e-09	0.0004657268	0.00014270656	-0.9700854	-7.1e+11	0	0	-8.371284e-09	3.4785042e-09	0
1.2000239154250492e-09	0.00046305393	0.00014511449	-0.9701357	-7.1e+11	0	0	-8.28006e-09	3.546612e-09	0
1.210028797045802e-09	0.00046021977	0.00014750008	-0.9701877	-7.1e+11	0	0	-8.190933e-09	3.6142616e-09	0
1.220033691840566e-09	0.00045723395	0.00014985353	-0.970241	-7.1e+11	0	0	-8.103927e-09	3.6815644e-09	0
1.2300017852375194e-09	0.00045408838	0.00015217066	-0.9702955	-7.1e+11	0	0	-8.0186995e-09	3.74807e-09	0
1.240006675431282e-09	0.00045078294	0.00015444867	-0.97035146	-7.1e+11	0	0	-7.935257e-09	3.814129e-09	0
1.2500115665312922e-09	0.00044731892	0.00015669689	-0.9704085	-7.1e+11	0	0	-7.853859e-09	3.8795167e-09	0
1.2600164487338938e-09	0.00044370472	0.00015889574	-0.9704667	-7.1e+11	0	0	-7.773804e-09	3.9440344e-09	0
1.2700213346394297e-09	0.0004399496	0.00016105501	-0.9705258	-7.1e+11	0	0	-7.695649e-09	4.0075685e-09	0
1.2800262135229687e-09	0.00043605705	0.00016316585	-0.97058564	-7.1e+11	0	0	-7.619621e-09	4.0700376e-09	0
1.290031086653486e-09	0.00043204232	0.0001652306	-0.9706462	-7.1e+11	0	0	-7.5451965e-09	4.131466e-09	0
1.3000359627667756e-09	0.0004279107	0.00016724411	-0.9707072	-7.1e+11	0	0	-7.472626e-09	4.1917114e-09	0
1.3100040686454733e-09	0.0004236925	0.00016919803	-0.97076833	-7.1e+11	0	0	-7.402916e-09	4.2505683e-09	0
1.3200089546146946e-09	0.00041937063	0.0001711105	-0.97083	-7.1e+11	0	0	-7.333855e-09	4.3080637e-09	0
1.3300137881186304e-09	0.00041496853	0.00017296989	-0.9708917	-7.1e+11	0	0	-7.266525e-09	4.3644675e-09	0
1.3400186724338286e-09	0.0004105043	0.00017478038	-0.9709533	-7.1e+11	0	0	-7.201607e-09	4.4194985e-09	0
1.3500235321274513e-09	0.00040598513	0.00017653778	-0.9710147	-7.1e+11	0	0	-7.1376496e-09	4.473152e-09	0
1.3600283948228867e-09	0.00040143213	0.00017824583	-0.9710757	-7.1e+11	0	0	-7.0759736e-09	4.5254747e-09	0
1.3700332711951384e-09	0.00039684697	0.00017990358	-0.9711364	-7.1e+11	0	0	-7.016121e-09	4.576191e-09	0
1.3800013163729601e-09	0.00039227348	0.000181498	-0.9711962	-7.1e+11	0	0	-6.9576873e-09	4.6255226e-09	0
1.3900061775737874e-09	0.00038767757	0.0001830617	-0.9712554	-7.1e+11	0	0	-6.9011152e-09	4.6734314e-09	0
1.4000110337651471e-09	0.00038309614	0.00018456485	-0.97131395	-7.1e+11	0	0	-6.845703e-09	4.720127e-09	0
1.4100158628478396e-09	0.00037853178	0.00018603448	-0.97137165	-7.1e+11	0	0	-6.7921904e-09	4.7651976e-09	0
1.4200206882744458e-09	0.0003740018	0.0001874459	-0.9714285	-7.1e+11	0	0	-6.7409136e-09	4.808945e-09	0
1.4300255249758812e-09	0.00036951157	0.00018882053	-0.9714842	-7.1e+11	0	0	-6.690201e-09	4.8513757e-09	0
1.4400303386473518e-09	0.00036506672	0.0001901472	-0.97153884	-7.1e+11	0	0	-6.641052e-09	4.892433e-09	0
1.4500351783791385e-09	0.00036068304	0.00019142963	-0.9715925	-7.1e+11	0	0	-6.594078e-09	4.9320565e-09	0
1.46000320174757e-09	0.0003563772	0.00019267108	-0.97164464	-7.1e+11	0	0	-6.5481642e-09	4.9703828e-09	0
1.4700080035224557e-09	0.00035212297	0.00019387249	-0.9716959	-7.1e+11	0	0	-6.503883e-09	5.007515e-09	0
1.4800127882658677e-09	0.00034794456	0.0001950385	-0.97174597	-7.1e+11	0	0	-6.4608154e-09	5.0434035e-09	0
1.4900175963884828e-09	0.00034384307	0.00019616447	-0.9717948	-7.1e+11	0	0	-6.41877e-09	5.07811e-09	0
1.5000223586511605e-09	0.00033982488	0.0001972504	-0.9718423	-7.1e+11	0	0	-6.3783876e-09	5.1115645e-09	0
1.5100271435210468e-09	0.00033589496	0.00019830838	-0.97188866	-7.1e+11	0	0	-6.339523e-09	5.1439857e-09	0
1.520031902312442e-09	0.0003320511	0.00019932631	-0.97193366	-7.1e+11	0	0	-6.3014602e-09	5.175209e-09	0
1.5300366865067248e-09	0.0003282976	0.00020031258	-0.9719776	-7.1e+11	0	0	-6.2646484e-09	5.2054023e-09	0
1.5400046733348773e-09	0.00032465093	0.00020126672	-0.97202003	-7.1e+11	0	0	-6.2295378e-09	5.2345275e-09	0
1.5500094076366376e-09	0.00032108117	0.00020218687	-0.9720614	-7.1e+11	0	0	-6.1951524e-09	5.2626152e-09	0
1.5600141479472307e-09	0.0003176063	0.00020308094	-0.97210145	-7.1e+11	0	0	-6.162201e-09	5.2897873e-09	0
1.5700188867540744e-09	0.00031422597	0.00020395173	-0.9721405	-7.1e+11	0	0	-6.1301804e-09	5.315971e-09	0
1.5800236274951444e-09	0.0003109355	0.00020478666	-0.97217834	-7.1e+11	0	0	-6.099014e-09	5.341293e-09	0
1.590028347648729e-09	0.0003077439	0.00020559598	-0.972215	-7.1e+11	0	0	-6.0691683e-09	5.3656732e-09	0
1.6000330912536177e-09	0.00030463838	0.00020638295	-0.9722506	-7.1e+11	0	0	-6.0402527e-09	5.3892975e-09	0
1.610001019197094e-09	0.0003016412	0.00020713918	-0.9722849	-7.1e+11	0	0	-6.011917e-09	5.4119913e-09	0
1.620005739379635e-09	0.0002987195	0.00020787865	-0.97231835	-7.1e+11	0	0	-5.985382e-09	5.433861e-09	0
1.630010436334135e-09	0.0002958912	0.00020858739	-0.97235066	-7.1e+11	0	0	-5.9589005e-09	5.455147e-09	0
1.6400151410038916e-09	0.00029314443	0.00020928308	-0.972382	-7.1e+11	0	0	-5.9339142e-09	5.4754983e-09	0
1.6500198433631335e-09	0.0002904901	0.00020995177	-0.9724122	-7.1e+11	0	0	-5.9096528e-09	5.495365e-09	0
1.6600245402860287e-09	0.00028791837	0.00021060277	-0.9724416	-7.1e+11	0	0	-5.8858793e-09	5.514496e-09	0
1.6700292391207874e-09	0.00028542976	0.00021123234	-0.97247	-7.1e+11	0	0	-5.862938e-09	5.5328218e-09	0
1.6800339436541808e-09	0.00028302026	0.00021184655	-0.9724974	-7.1e+11	0	0	-5.8413163e-09	5.5506097e-09	0
1.6900018228422755e-09	0.00028070385	0.00021243468	-0.9725239	-7.1e+11	0	0	-5.820053e-09	5.5677454e-09	0
1.7000065049658776e-09	0.00027845294	0.0002130149	-0.9725497	-7.1e+11	0	0	-5.799713e-09	5.584423e-09	0
1.7100111602427243e-09	0.00027627836	0.0002135681	-0.9725746	-7.1e+11	0	0	-5.7802887e-09	5.6005747e-09	0
1.7200158244180248e-09	0.0002741805	0.00021411479	-0.9725987	-7.1e+11	0	0	-5.760765e-09	5.6159783e-09	0
1.7300204904109809e-09	0.00027215105	0.00021464005	-0.9726219	-7.1e+11	0	0	-5.7427827e-09	5.631115e-09	0
1.7400251427690337e-09	0.0002701959	0.00021515321	-0.97264445	-7.1e+11	0	0	-5.725357e-09	5.6455995e-09	0
1.750029804263209e-09	0.00026830615	0.00021565147	-0.9726663	-7.1e+11	0	0	-5.7081144e-09	5.659687e-09	0
1.7600344513151704e-09	0.00026648573	0.00021613389	-0.9726874	-7.1e+11	0	0	-5.6915437e-09	5.6732787e-09	0
1.7700023317174907e-09	0.00026473578	0.00021660421	-0.9727077	-7.1e+11	0	0	-5.6761245e-09	5.6864318e-09	0
1.7800069815416433e-09	0.00026304394	0.00021706522	-0.9727274	-7.1e+11	0	0	-5.6607665e-09	5.699238e-09	0
1.790011633043815e-09	0.00026141191	0.00021751504	-0.97274655	-7.1e+11	0	0	-5.6465987e-09	5.7116396e-09	0
1.8000162613471871e-09	0.0002598425	0.0002179523	-0.9727649	-7.1e+11	0	0	-5.6321867e-09	5.7236558e-09	0
1.810020907026703e-09	0.0002583274	0.00021837372	-0.97278285	-7.1e+11	0	0	-5.6187135e-09	5.7351035e-09	0
1.8200255128357714e-09	0.00025687195	0.00021878816	-0.9728002	-7.1e+11	0	0	-5.6056595e-09	5.746452e-09	0
1.8300301395997808e-09	0.00025547165	0.00021919236	-0.97281694	-7.1e+11	0	0	-5.5935896e-09	5.7573053e-09	0
1.8400347907958953e-09	0.00025412496	0.00021959143	-0.97283304	-7.1e+11	0	0	-5.5814287e-09	5.7678986e-09	0
1.8500026276410397e-09	0.00025283304	0.00021997048	-0.97284865	-7.1e+11	0	0	-5.5704192e-09	5.778183e-09	0
1.8600072507605182e-09	0.00025159094	0.00022035092	-0.9728638	-7.1e+11	0	0	-5.559143e-09	5.788105e-09	0
1.870011897311233e-09	0.00025039617	0.00022071693	-0.9728786	-7.1e+11	0	0	-5.548416e-09	5.7978746e-09	0
1.88001650674551e-09	0.00024924774	0.00022108387	-0.97289276	-7.1e+11	0	0	-5.538765e-09	5.80727e-09	0
1.8900211273824477e-09	0.00024815043	0.0002214387	-0.9729066	-7.1e+11	0	0	-5.5286713e-09	5.8165397e-09	0
1.900025747038156e-09	0.00024709466	0.00022178236	-0.9729199	-7.1e+11	0	0	-5.519295e-09	5.825424e-09	0
1.9100303757031796e-09	0.00024608662	0.00022212602	-0.9729327	-7.1e+11	0	0	-5.5106657e-09	5.8341523e-09	0
1.920034994386437e-09	0.00024511703	0.00022245757	-0.9729452	-7.1e+11	0	0	-5.502579e-09	5.8425673e-09	0
1.9300028507839086e-09	0.00024419912	0.0002227868	-0.9729573	-7.1e+11	0	0	-5.4944764e-09	5.850811e-09	0
1.9400074591265106e-09	0.00024331493	0.0002231095	-0.97296906	-7.1e+11	0	0	-5.486641e-09	5.8588143e-09	0
1.9500120638865412e-09	0.00024247202	0.00022342894	-0.9729804	-7.1e+11	0	0	-5.479248e-09	5.866661e-09	0
1.960016701005495e-09	0.00024166844	0.00022373907	-0.9729914	-7.1e+11	0	0	-5.472519e-09	5.874386e-09	0
1.97002131304308e-09	0.000240903	0.00022405107	-0.97300214	-7.1e+11	0	0	-5.4663545e-09	5.881821e-09	0
1.9800259327780523e-09	0.00024017262	0.00022435514	-0.97301245	-7.1e+11	0	0	-5.4598845e-09	5.8890914e-09	0
1.9900305459191394e-09	0.00023948369	0.00022465736	-0.9730225	-7.1e+11	0	0	-5.45414e-09	5.8962097e-09	0
2.000035161555709e-09	0.00023882432	0.00022495817	-0.97303224	-7.1e+11	0	0	-5.4487685e-09	5.903259e-09	0
2.010003010894263e-09	0.00023820705	0.00022525247	-0.9730417	-7.1e+11	0	0	-5.4434355e-09	5.910019e-09	0
2.0200076325477596e-09	0.00023761958	0.0002255449	-0.9730509	-7.1e+11	0	0	-5.4388885e-09	5.916786e-09	0
2.030012225870073e-09	0.00023706382	0.00022583548	-0.9730598	-7.1e+11	0	0	-5.43425e-09	5.923321e-09	0
2.0400168542080187e-09	0.00023654493	0.00022612698	-0.97306836	-7.1e+11	0	0	-5.430214e-09	5.929737e-09	0
2.0500214760161856e-09	0.00023605581	0.00022640824	-0.9730768	-7.1e+11	0	0	-5.426132e-09	5.936085e-09	0
2.0600260820421392e-09	0.00023559948	0.00022669695	-0.9730849	-7.1e+11	0	0	-5.422981e-09	5.942211e-09	0
2.070030698639748e-09	0.00023517216	0.00022697821	-0.97309285	-7.1e+11	0	0	-5.419487e-09	5.9484253e-09	0
2.0800353245018255e-09	0.00023477916	0.00022726133	-0.97310054	-7.1e+11	0	0	-5.4166795e-09	5.9544867e-09	0
2.0900031496555614e-09	0.00023441235	0.00022754446	-0.97310805	-7.1e+11	0	0	-5.414032e-09	5.9604033e-09	0
2.100007768818138e-09	0.00023407754	0.00022782804	-0.9731153	-7.1e+11	0	0	-5.4116973e-09	5.9664003e-09	0
2.110012371150429e-09	0.00023377093	0.00022811256	-0.9731225	-7.1e+11	0	0	-5.409874e-09	5.9721565e-09	0
2.1200170066348874e-09	0.0002334938	0.00022839429	-0.9731293	-7.1e+11	0	0	-5.4080886e-09	5.9778977e-09	0
2.130021609539043e-09	0.00023324456	0.00022867834	-0.97313607	-7.1e+11	0	0	-5.4066924e-09	5.983566e-09	0
2.140026239812152e-09	0.00023302561	0.00022896426	-0.9731426	-7.1e+11	0	0	-5.4054716e-09	5.989277e-09	0
2.1500308404874847e-09	0.00023283088	0.0002292525	-0.97314894	-7.1e+11	0	0	-5.404579e-09	5.994888e-09	0
2.1600354566673004e-09	0.00023266583	0.00022953935	-0.97315526	-7.1e+11	0	0	-5.4036637e-09	6.000393e-09	0
2.1700032848154583e-09	0.00023252923	0.00022982992	-0.97316134	-7.1e+11	0	0	-5.4035643e-09	6.005924e-09	0
2.180007926690016e-09	0.00023241914	0.00023012329	-0.97316724	-7.1e+11	0	0	-5.403786e-09	6.0114553e-09	0
2.190012506756118e-09	0.00023233451	0.00023041759	-0.9731731	-7.1e+11	0	0	-5.403816e-09	6.016777e-09	0
2.2000171300202612e-09	0.00023228025	0.00023071747	-0.9731787	-7.1e+11	0	0	-5.4048845e-09	6.0222627e-09	0
2.210021745016863e-09	0.0002322499	0.00023102108	-0.9731842	-7.1e+11	0	0	-5.405426e-09	6.0277174e-09	0
2.2200263540333144e-09	0.0002322475	0.00023132563	-0.9731897	-7.1e+11	0	0	-5.406517e-09	6.033142e-09	0
2.2300309702605606e-09	0.00023227424	0.00023163669	-0.97319496	-7.1e+11	0	0	-5.4082796e-09	6.0386163e-09	0
2.240035586000854e-09	0.00023232386	0.00023194775	-0.9732002	-7.1e+11	0	0	-5.4096603e-09	6.044109e-09	0
2.250003436593831e-09	0.00023240267	0.00023226626	-0.9732053	-7.1e+11	0	0	-5.412033e-09	6.0495453e-09	0
2.260008042509437e-09	0.00023250912	0.00023258943	-0.9732103	-7.1e+11	0	0	-5.413765e-09	6.0550995e-09	0
2.270012670631391e-09	0.00023263996	0.00023292005	-0.9732152	-7.1e+11	0	0	-5.4166795e-09	6.060436e-09	0
2.280017273057486e-09	0.00023280023	0.00023325253	-0.97322005	-7.1e+11	0	0	-5.4196625e-09	6.066036e-09	0
2.290021891852756e-09	0.00023298837	0.00023359712	-0.97322476	-7.1e+11	0	0	-5.422943e-09	6.07164e-09	0
2.300026497759221e-09	0.0002331998	0.0002339445	-0.9732295	-7.1e+11	0	0	-5.4263305e-09	6.0772973e-09	0
2.3100310982071167e-09	0.00023344666	0.0002343012	-0.97323406	-7.1e+11	0	0	-5.4301985e-09	6.0830536e-09	0
2.3200357026437007e-09	0.00023371242	0.00023466349	-0.9732387	-7.1e+11	0	0	-5.4346465e-09	6.0888063e-09	0
2.3300035343986456e-09	0.00023401229	0.00023503043	-0.9732431	-7.1e+11	0	0	-5.438736e-09	6.094631e-09	0
2.3400081360888527e-09	0.00023433748	0.00023541413	-0.9732475	-7.1e+11	0	0	-5.443535e-09	6.1004637e-09	0
2.350012716115357e-09	0.0002346962	0.0002357969	-0.97325194	-7.1e+11	0	0	-5.448486e-09	6.106583e-09	0
2.360017332912381e-09	0.0002350796	0.00023619644	-0.97325635	-7.1e+11	0	0	-5.453743e-09	6.1126366e-09	0
2.370021940585451e-09	0.00023549376	0.00023660343	-0.97326064	-7.1e+11	0	0	-5.4597624e-09	6.1187286e-09	0
2.3800265483571315e-09	0.00023594045	0.00023701694	-0.97326493	-7.1e+11	0	0	-5.465805e-09	6.125019e-09	0
2.390031136224589e-09	0.00023641619	0.00023745	-0.9732692	-7.1e+11	0	0	-5.47229e-09	6.1313132e-09	0
2.400035764002927e-09	0.00023692197	0.0002378854	-0.97327334	-7.1e+11	0	0	-5.4790648e-09	6.137878e-09	0
2.4100035881662438e-09	0.00023745929	0.00023833476	-0.97327757	-7.1e+11	0	0	-5.4860916e-09	6.1444205e-09	0
2.4200082018741655e-09	0.0002380291	0.00023879763	-0.97328174	-7.1e+11	0	0	-5.4939804e-09	6.1510925e-09	0
2.4300128243465828e-09	0.00023863443	0.0002392726	-0.9732859	-7.1e+11	0	0	-5.5015716e-09	6.1580656e-09	0
2.4400173951023567e-09	0.00023926944	0.00023976527	-0.9732901	-7.1e+11	0	0	-5.51001e-09	6.164936e-09	0
2.4500220072425097e-09	0.00023994272	0.00024026353	-0.97329426	-7.1e+11	0	0	-5.518692e-09	6.172146e-09	0
2.4600266028779892e-09	0.00024064843	0.000240786	-0.97329843	-7.1e+11	0	0	-5.527977e-09	6.179493e-09	0
2.47003119738917e-09	0.00024139069	0.00024131872	-0.97330266	-7.1e+11	0	0	-5.5373457e-09	6.1869736e-09	0
2.480035801880629e-09	0.00024216695	0.00024186634	-0.97330683	-7.1e+11	0	0	-5.5471876e-09	6.1945724e-09	0
2.4900035943317033e-09	0.00024298223	0.00024243444	-0.973311	-7.1e+11	0	0	-5.5576628e-09	6.2024728e-09	0
2.5000081777768864e-09	0.00024383093	0.00024301698	-0.9733153	-7.1e+11	0	0	-5.568451e-09	6.2103998e-09	0
2.5100127628855927e-09	0.00024472698	0.0002436135	-0.9733195	-7.1e+11	0	0	-5.5800093e-09	6.2186967e-09	0
2.520017375559986e-09	0.00024565816	0.00024424214	-0.9733238	-7.1e+11	0	0	-5.5914993e-09	6.2271615e-09	0
2.5300219762770007e-09	0.00024663116	0.00024487916	-0.9733282	-7.1e+11	0	0	-5.603836e-09	6.235863e-09	0
2.5400265505885486e-09	0.00024764656	0.00024554413	-0.97333246	-7.1e+11	0	0	-5.6165694e-09	6.2448464e-09	0
2.5500311422061575e-09	0.00024870381	0.00024622586	-0.973337	-7.1e+11	0	0	-5.6303024e-09	6.2540093e-09	0
2.5600357214218616e-09	0.0002498055	0.00024693832	-0.9733414	-7.1e+11	0	0	-5.6437837e-09	6.2633285e-09	0
2.570003512507042e-09	0.0002509497	0.00024765916	-0.973346	-7.1e+11	0	0	-5.658859e-09	6.272995e-09	0
2.5800081109389957e-09	0.00025214197	0.0002484182	-0.9733506	-7.1e+11	0	0	-5.673416e-09	6.282974e-09	0
2.590012690205338e-09	0.0002533813	0.00024919445	-0.9733554	-7.1e+11	0	0	-5.6890563e-09	6.2932854e-09	0
2.6000172717657253e-09	0.00025467188	0.00025000423	-0.97336006	-7.1e+11	0	0	-5.7053984e-09	6.3038024e-09	0
2.6100218498909067e-09	0.00025600815	0.0002508359	-0.97336507	-7.1e+11	0	0	-5.7220535e-09	6.314728e-09	0
2.62002642464573e-09	0.00025739934	0.0002517039	-0.97336996	-7.1e+11	0	0	-5.739235e-09	6.3259127e-09	0
2.6300309992923807e-09	0.00025883614	0.0002525933	-0.97337496	-7.1e+11	0	0	-5.7577743e-09	6.33754e-09	0
2.6400355533530165e-09	0.00026033592	0.0002535195	-0.97338027	-7.1e+11	0	0	-5.7765197e-09	6.3493384e-09	0
2.6500033505451753e-09	0.0002618744	0.00025447272	-0.9733855	-7.1e+11	0	0	-5.796196e-09	6.3615646e-09	0
2.66000791541029e-09	0.00026348335	0.00025546085	-0.97339094	-7.1e+11	0	0	-5.8165206e-09	6.3741874e-09	0
2.6700124875900086e-09	0.00026514177	0.00025649276	-0.9733965	-7.1e+11	0	0	-5.837616e-09	6.3871424e-09	0
2.6800170286787115e-09	0.00026686193	0.0002575526	-0.9734022	-7.1e+11	0	0	-5.8593828e-09	6.400715e-09	0
2.6900215875571194e-09	0.00026863962	0.00025865156	-0.97340816	-7.1e+11	0	0	-5.8823546e-09	6.4145964e-09	0
2.7000261587413145e-09	0.00027047817	0.00025978964	-0.9734142	-7.1e+11	0	0	-5.905701e-09	6.4288828e-09	0
2.7100307163788604e-09	0.00027237882	0.0002609715	-0.9734204	-7.1e+11	0	0	-5.930359e-09	6.443638e-09	0
2.7200352681108964e-09	0.00027433885	0.0002621971	-0.9734268	-7.1e+11	0	0	-5.956299e-09	6.4588814e-09	0
2.7300030154107566e-09	0.0002763566	0.0002634572	-0.9734334	-7.1e+11	0	0	-5.982109e-09	6.474594e-09	0
2.7400075351307187e-09	0.00027844368	0.00026477082	-0.97344023	-7.1e+11	0	0	-6.0095213e-09	6.4908066e-09	0
2.750012086209544e-09	0.0002805967	0.00026612915	-0.97344726	-7.1e+11	0	0	-6.037727e-09	6.5076406e-09	0
2.7600165921522103e-09	0.00028281036	0.00026753359	-0.9734547	-7.1e+11	0	0	-6.0669785e-09	6.5249672e-09	0
2.7700211139039766e-09	0.00028509105	0.00026899204	-0.97346234	-7.1e+11	0	0	-6.097534e-09	6.5428583e-09	0
2.7800256365189787e-09	0.0002874329	0.00027049892	-0.97347015	-7.1e+11	0	0	-6.1289827e-09	6.561268e-09	0
2.790030137967802e-09	0.00028984234	0.00027205888	-0.9734783	-7.1e+11	0	0	-6.1615144e-09	6.5804024e-09	0
2.8000346509986524e-09	0.00029231227	0.00027367566	-0.9734869	-7.1e+11	0	0	-6.19577e-09	6.6001626e-09	0
2.810002372611544e-09	0.00029483426	0.00027533714	-0.9734957	-7.1e+11	0	0	-6.230736e-09	6.620396e-09	0
2.8200068632751713e-09	0.00029742584	0.00027706474	-0.97350496	-7.1e+11	0	0	-6.267151e-09	6.641342e-09	0
2.8300113751964995e-09	0.00030007353	0.0002788501	-0.9735147	-7.1e+11	0	0	-6.305092e-09	6.6629107e-09	0
2.84001585504721e-09	0.00030277699	0.0002806899	-0.9735248	-7.1e+11	0	0	-6.3441545e-09	6.6851538e-09	0
2.850020324219187e-09	0.00030553405	0.00028259307	-0.9735354	-7.1e+11	0	0	-6.3845214e-09	6.7082024e-09	0
2.8600248080513642e-09	0.00030833433	0.0002845535	-0.9735465	-7.1e+11	0	0	-6.4269563e-09	6.7318116e-09	0
2.870029272573159e-09	0.0003111835	0.0002865754	-0.9735581	-7.1e+11	0	0	-6.4702452e-09	6.756176e-09	0
2.8800337251041557e-09	0.0003140642	0.0002886504	-0.9735703	-7.1e+11	0	0	-6.515152e-09	6.7813226e-09	0
2.890001428683555e-09	0.00031696766	0.00029078498	-0.97358316	-7.1e+11	0	0	-6.5617525e-09	6.8070296e-09	0
2.9000058779834375e-09	0.00031990506	0.00029298104	-0.9735966	-7.1e+11	0	0	-6.6098327e-09	6.8334503e-09	0
2.9100103161919737e-09	0.00032285607	0.0002952339	-0.9736109	-7.1e+11	0	0	-6.660332e-09	6.8606836e-09	0
2.9200147647236164e-09	0.0003258139	0.00029754173	-0.9736259	-7.1e+11	0	0	-6.711876e-09	6.888603e-09	0
2.930019208721044e-09	0.0003287671	0.00029989984	-0.9736416	-7.1e+11	0	0	-6.7652968e-09	6.9171295e-09	0
2.94002362578737e-09	0.0003317024	0.00030230265	-0.9736583	-7.1e+11	0	0	-6.8205184e-09	6.946434e-09	0
2.950028043061996e-09	0.0003346126	0.00030475575	-0.97367585	-7.1e+11	0	0	-6.8778685e-09	6.976162e-09	0
2.960032453251406e-09	0.00033747565	0.0003072489	-0.9736944	-7.1e+11	0	0	-6.9362716e-09	7.0067596e-09	0
2.970000086373388e-09	0.00034027576	0.0003097616	-0.9737139	-7.1e+11	0	0	-6.99749e-09	7.0376127e-09	0
2.9800044974407187e-09	0.0003430185	0.0003123139	-0.97373456	-7.1e+11	0	0	-7.060158e-09	7.0691835e-09	0
2.990008870304108e-09	0.0003456701	0.00031488854	-0.9737563	-7.1e+11	0	0	-7.125061e-09	7.1010935e-09	0
3.000013250103853e-09	0.00034822687	0.00031748042	-0.9737793	-7.1e+11	0	0	-7.191849e-09	7.1334303e-09	0
3.010017654288563e-09	0.00035065867	0.0003200639	-0.97380346	-7.1e+11	0	0	-7.260803e-09	7.1663053e-09	0
3.0200220274062828e-09	0.00035297245	0.0003226567	-0.9738287	-7.1e+11	0	0	-7.3314133e-09	7.199253e-09	0
3.0300263776652183e-09	0.00035512567	0.0003252332	-0.97385526	-7.1e+11	0	0	-7.4044495e-09	7.232483e-09	0
3.0400307272097623e-09	0.00035713497	0.00032778457	-0.97388303	-7.1e+11	0	0	-7.4794695e-09	7.2657396e-09	0
3.0500350558370666e-09	0.00035896592	0.00033030286	-0.973912	-7.1e+11	0	0	-7.556389e-09	7.2989654e-09	0
3.060002609705691e-09	0.00036061858	0.00033276947	-0.97394204	-7.1e+11	0	0	-7.634903e-09	7.3320505e-09	0
3.070006928370259e-09	0.0003620867	0.00033519417	-0.97397316	-7.1e+11	0	0	-7.716079e-09	7.3649447e-09	0
3.080011232792844e-09	0.00036337174	0.00033755694	-0.97400516	-7.1e+11	0	0	-7.79882e-09	7.397461e-09	0
3.090015530053952e-09	0.00036446055	0.000339848	-0.9740382	-7.1e+11	0	0	-7.883973e-09	7.4296835e-09	0
3.1000198353789604e-09	0.0003653622	0.00034206267	-0.97407174	-7.1e+11	0	0	-7.970642e-09	7.461292e-09	0
3.1100241205289615e-09	0.00036608402	0.00034419075	-0.974106	-7.1e+11	0	0	-8.059677e-09	7.492061e-09	0
3.1200283867763507e-09	0.00036662645	0.0003462322	-0.9741405	-7.1e+11	0	0	-8.150826e-09	7.522293e-09	0
3.130032645538629e-09	0.00036700786	0.0003481796	-0.97417516	-7.1e+11	0	0	-8.243301e-09	7.551395e-09	0
3.140000132433633e-09	0.00036723824	0.00035002455	-0.9742094	-7.1e+11	0	0	-8.3377225e-09	7.579727e-09	0
3.150004359522746e-09	0.00036733603	0.00035177637	-0.97424364	-7.1e+11	0	0	-8.434166e-09	7.607243e-09	0
3.1600085974725564e-09	0.0003673153	0.00035344344	-0.97427714	-7.1e+11	0	0	-8.532311e-09	7.633591e-09	0
3.1700128193619845e-09	0.0003672004	0.00035500852	-0.9743097	-7.1e+11	0	0	-8.632622e-09	7.658871e-09	0
3.1800170281777874e-09	0.0003670063	0.00035649072	-0.9743412	-7.1e+11	0	0	-8.734375e-09	7.683174e-09	0
3.1900212125562324e-09	0.00036674805	0.00035788305	-0.9743713	-7.1e+11	0	0	-8.837799e-09	7.706173e-09	0
3.2000254117149057e-09	0.00036645145	0.00035920367	-0.97439975	-7.1e+11	0	0	-8.943359e-09	7.728168e-09	0
3.210029602838807e-09	0.0003661235	0.00036045257	-0.9744266	-7.1e+11	0	0	-9.050827e-09	7.74913e-09	0
3.22003378738904e-09	0.00036578559	0.00036163535	-0.9744515	-7.1e+11	0	0	-9.159516e-09	7.768974e-09	0
3.2300011688227816e-09	0.00036544492	0.00036276504	-0.9744743	-7.1e+11	0	0	-9.269622e-09	7.787609e-09	0
3.2400053087439894e-09	0.00036510947	0.0003638398	-0.97449505	-7.1e+11	0	0	-9.381393e-09	7.805286e-09	0
3.2500094630528173e-09	0.00036479096	0.00036489498	-0.97451377	-7.1e+11	0	0	-9.495148e-09	7.8221625e-09	0
3.2600136000259674e-09	0.00036448415	0.00036591198	-0.9745304	-7.1e+11	0	0	-9.610581e-09	7.838078e-09	0
3.2700177327911074e-09	0.00036420173	0.0003669113	-0.9745452	-7.1e+11	0	0	-9.727028e-09	7.853287e-09	0
3.280021851949285e-09	0.00036393313	0.0003678957	-0.974558	-7.1e+11	0	0	-9.8450545e-09	7.867874e-09	0
3.290025957132859e-09	0.00036368307	0.00036887964	-0.9745692	-7.1e+11	0	0	-9.964836e-09	7.881679e-09	0
3.300030084000759e-09	0.0003634425	0.00036986358	-0.97457886	-7.1e+11	0	0	-1.0085846e-08	7.895073e-09	0
3.310034180625347e-09	0.00036321091	0.00037086383	-0.97458744	-7.1e+11	0	0	-1.0207657e-08	7.908043e-09	0
3.3200015048901972e-09	0.00036298038	0.00037187245	-0.974595	-7.1e+11	0	0	-1.033062e-08	7.920749e-09	0
3.330005598912214e-09	0.00036274522	0.00037290994	-0.9746019	-7.1e+11	0	0	-1.0455071e-08	7.933094e-09	0
3.3400096828014748e-09	0.00036249976	0.0003739791	-0.9746086	-7.1e+11	0	0	-1.0580864e-08	7.945473e-09	0
3.3500137714712083e-09	0.00036223955	0.000375079	-0.9746152	-7.1e+11	0	0	-1.0707496e-08	7.957966e-09	0
3.3600178468254933e-09	0.0003619554	0.0003762208	-0.97462213	-7.1e+11	0	0	-1.0835319e-08	7.970619e-09	0
3.3700219143692742e-09	0.0003616503	0.00037739845	-0.9746299	-7.1e+11	0	0	-1.0963714e-08	7.983364e-09	0
3.3800259630703957e-09	0.0003613072	0.0003786264	-0.9746386	-7.1e+11	0	0	-1.1093361e-08	7.996617e-09	0
3.390030019201266e-09	0.0003609322	0.00037990045	-0.9746484	-7.1e+11	0	0	-1.1223747e-08	8.010224e-09	0
3.400034078067935e-09	0.00036051095	0.00038122665	-0.97466004	-7.1e+11	0	0	-1.1354835e-08	8.024467e-09	0
3.4100013302307866e-09	0.00036003528	0.0003825985	-0.9746733	-7.1e+11	0	0	-1.1486267e-08	8.0392075e-09	0
3.420005369277251e-09	0.0003594944	0.00038402388	-0.9746884	-7.1e+11	0	0	-1.1619202e-08	8.054661e-09	0
3.4300093800282366e-09	0.0003588645	0.00038550235	-0.97470546	-7.1e+11	0	0	-1.1752831e-08	8.070976e-09	0
3.4400133944578418e-09	0.00035812656	0.0003870204	-0.97472453	-7.1e+11	0	0	-1.1887612e-08	8.088176e-09	0
3.4500174132570786e-09	0.0003572447	0.00038858876	-0.9747453	-7.1e+11	0	0	-1.2022896e-08	8.106239e-09	0
3.460021410364384e-09	0.00035617565	0.0003901925	-0.97476757	-7.1e+11	0	0	-1.2160087e-08	8.125263e-09	0
3.4700254157110873e-09	0.0003548599	0.00039183907	-0.97479063	-7.1e+11	0	0	-1.2298271e-08	8.145183e-09	0
3.480029393299762e-09	0.00035322638	0.00039351266	-0.97481424	-7.1e+11	0	0	-1.2438316e-08	8.1660465e-09	0
3.490033385026691e-09	0.0003511953	0.0003952207	-0.97483736	-7.1e+11	0	0	-1.2579987e-08	8.187897e-09	0
3.5000005859381915e-09	0.000348671	0.0003969511	-0.974859	-7.1e+11	0	0	-1.2723252e-08	8.210541e-09	0
3.5100045605327814e-09	0.0003455375	0.0003987169	-0.9748783	-7.1e+11	0	0	-1.2869522e-08	8.233944e-09	0
3.5200085259397157e-09	0.00034168674	0.00040051062	-0.9748939	-7.1e+11	0	0	-1.3019036e-08	8.25798e-09	0
3.5300124875583494e-09	0.00033702407	0.00040234625	-0.97490484	-7.1e+11	0	0	-1.3171417e-08	8.2825125e-09	0
3.5400164322740274e-09	0.00033144638	0.00040422194	-0.97490984	-7.1e+11	0	0	-1.3327255e-08	8.307342e-09	0
3.5500203810950516e-09	0.00032489724	0.00040614232	-0.9749081	-7.1e+11	0	0	-1.3487274e-08	8.3320355e-09	0
3.560024314465325e-09	0.0003173315	0.00040810741	-0.97489876	-7.1e+11	0	0	-1.3651573e-08	8.356399e-09	0
3.5700282313078334e-09	0.00030874644	0.0004101172	-0.9748814	-7.1e+11	0	0	-1.38198315e-08	8.380027e-09	0
3.580032148410287e-09	0.0002991762	0.000412154	-0.974856	-7.1e+11	0	0	-1.3992401e-08	8.40255e-09	0
3.5900360662142117e-09	0.0002886861	0.00041421317	-0.9748224	-7.1e+11	0	0	-1.4169387e-08	8.423519e-09	0
3.600003174134471e-09	0.00027741917	0.00041625928	-0.9747813	-7.1e+11	0	0	-1.4349678e-08	8.442566e-09	0
3.6100070628842073e-09	0.00026541125	0.00041828584	-0.9747328	-7.1e+11	0	0	-1.45338515e-08	8.459419e-09	0
3.620010951642026e-09	0.0002528397	0.00042026397	-0.9746779	-7.1e+11	0	0	-1.4721725e-08	8.473782e-09	0
3.6300148336803372e-09	0.00023984975	0.0004221648	-0.9746171	-7.1e+11	0	0	-1.4912498e-08	8.48526e-09	0
3.6400186957002432e-09	0.000226589	0.00042394735	-0.97455126	-7.1e+11	0	0	-1.510556e-08	8.493786e-09	0
3.650022564273816e-09	0.00021320296	0.00042560697	-0.9744813	-7.1e+11	0	0	-1.5300758e-08	8.4992715e-09	0
3.6600264145629857e-09	0.0001998164	0.00042710733	-0.9744078	-7.1e+11	0	0	-1.5497482e-08	8.501514e-09	0
3.6700302621220433e-09	0.00018655868	0.0004284354	-0.9743317	-7.1e+11	0	0	-1.5695328e-08	8.500671e-09	0
3.680034110654824e-09	0.00017352421	0.00042957533	-0.9742532	-7.1e+11	0	0	-1.5894317e-08	8.496594e-09	0
3.6900011493283135e-09	0.00016085713	0.00043051224	-0.9741734	-7.1e+11	0	0	-1.6092574e-08	8.489651e-09	0
3.7000049664659685e-09	0.00014852623	0.0004312424	-0.9740922	-7.1e+11	0	0	-1.6291466e-08	8.479588e-09	0
3.7100087696154365e-09	0.000136638	0.00043176394	-0.97401	-7.1e+11	0	0	-1.6490388e-08	8.4668885e-09	0
3.720012596061998e-09	0.00012523356	0.00043207407	-0.9739275	-7.1e+11	0	0	-1.6688606e-08	8.451553e-09	0
3.730016396109896e-09	0.00011434266	0.00043217745	-0.9738446	-7.1e+11	0	0	-1.6885902e-08	8.4338225e-09	0
3.7400201918346245e-09	0.00010397676	0.00043207686	-0.97376174	-7.1e+11	0	0	-1.7082076e-08	8.413768e-09	0
3.750023973146917e-09	9.414788e-05	0.00043177698	-0.9736788	-7.1e+11	0	0	-1.7277099e-08	8.391724e-09	0
3.7600277615799446e-09	8.485125e-05	0.00043129176	-0.97359633	-7.1e+11	0	0	-1.7470734e-08	8.367836e-09	0
3.7700315332343304e-09	7.608209e-05	0.00043062586	-0.97351396	-7.1e+11	0	0	-1.7662506e-08	8.342114e-09	0
3.78003531470735e-09	6.782543e-05	0.00042979326	-0.97343224	-7.1e+11	0	0	-1.7852638e-08	8.314819e-09	0
3.790002309900673e-09	6.00933e-05	0.00042880047	-0.97335106	-7.1e+11	0	0	-1.8040039e-08	8.286141e-09	0
3.800006064899698e-09	5.281045e-05	0.0004276568	-0.97327006	-7.1e+11	0	0	-1.8226448e-08	8.255871e-09	0
3.8100098208564746e-09	4.598152e-05	0.0004263837	-0.9731896	-7.1e+11	0	0	-1.841043e-08	8.224651e-09	0
3.820013564547825e-09	3.9587612e-05	0.0004249746	-0.97310966	-7.1e+11	0	0	-1.8592315e-08	8.192299e-09	0
3.830017313058989e-09	3.3607877e-05	0.00042345282	-0.9730303	-7.1e+11	0	0	-1.8772033e-08	8.159069e-09	0
3.8400210519145104e-09	2.8011187e-05	0.00042181555	-0.97295153	-7.1e+11	0	0	-1.894909e-08	8.124836e-09	0
3.85002480543243e-09	2.278834e-05	0.00042008702	-0.9728732	-7.1e+11	0	0	-1.9123933e-08	8.089924e-09	0
3.860028531328084e-09	1.7903121e-05	0.00041826256	-0.9727955	-7.1e+11	0	0	-1.929615e-08	8.054485e-09	0
3.870032261566082e-09	1.3344439e-05	0.0004163524	-0.9727183	-7.1e+11	0	0	-1.9466118e-08	8.018295e-09	0
3.880036003614947e-09	9.092307e-06	0.00041437708	-0.9726417	-7.1e+11	0	0	-1.9633507e-08	7.981514e-09	0
3.890002950750055e-09	5.131421e-06	0.0004123263	-0.97256607	-7.1e+11	0	0	-1.9797493e-08	7.944359e-09	0
3.900006672740056e-09	1.4259704e-06	0.00041021034	-0.97249055	-7.1e+11	0	0	-1.9959435e-08	7.906627e-09	0
3.910010397017562e-09	-2.0336802e-06	0.0004080413	-0.9724156	-7.1e+11	0	0	-2.0118469e-08	7.868531e-09	0
3.920014111798437e-09	-5.262138e-06	0.00040581357	-0.9723414	-7.1e+11	0	0	-2.0275131e-08	7.830021e-09	0
3.930017843774597e-09	-8.271989e-06	0.00040354487	-0.9722676	-7.1e+11	0	0	-2.042919e-08	7.7911455e-09	0
3.9400215501943265e-09	-1.1080138e-05	0.0004012352	-0.97219443	-7.1e+11	0	0	-2.0580131e-08	7.752129e-09	0
3.950025273751338e-09	-1.37008465e-05	0.00039888453	-0.9721219	-7.1e+11	0	0	-2.0728859e-08	7.712818e-09	0
3.960028975526549e-09	-1.6140108e-05	0.00039649755	-0.9720499	-7.1e+11	0	0	-2.0874444e-08	7.673382e-09	0
3.970032688985672e-09	-1.841874e-05	0.00039408915	-0.97197855	-7.1e+11	0	0	-2.1017426e-08	7.633606e-09	0
3.98003638705713e-09	-2.0540687e-05	0.00039164443	-0.9719078	-7.1e+11	0	0	-2.1157334e-08	7.593723e-09	0
3.990003310197962e-09	-2.2509805e-05	0.00038919132	-0.97183776	-7.1e+11	0	0	-2.1294236e-08	7.553745e-09	0
4.000007013858525e-09	-2.4354194e-05	0.00038670376	-0.9717681	-7.1e+11	0	0	-2.1428681e-08	7.513481e-09	0
4.010010713783775e-09	-2.606825e-05	0.00038419943	-0.971699	-7.1e+11	0	0	-2.1560547e-08	7.473233e-09	0
4.020014436122889e-09	-2.7666749e-05	0.000381683	-0.9716305	-7.1e+11	0	0	-2.1689607e-08	7.432827e-09	0
4.030018141437106e-09	-2.9149805e-05	0.00037914887	-0.9715627	-7.1e+11	0	0	-2.1815476e-08	7.392292e-09	0
4.040021835395093e-09	-3.053202e-05	0.00037660357	-0.9714954	-7.1e+11	0	0	-2.1939057e-08	7.351799e-09	0
4.050025536883397e-09	-3.181451e-05	0.00037404802	-0.97142863	-7.1e+11	0	0	-2.2059815e-08	7.3112068e-09	0
4.060029235138546e-09	-3.300494e-05	0.00037148688	-0.9713625	-7.1e+11	0	0	-2.2177566e-08	7.2704505e-09	0
4.070032941563999e-09	-3.4109027e-05	0.00036891177	-0.97129697	-7.1e+11	0	0	-2.229268e-08	7.2298127e-09	0
4.08003663472835e-09	-3.5128804e-05	0.00036633993	-0.97123206	-7.1e+11	0	0	-2.2405068e-08	7.1890334e-09	0
4.0900035450141656e-09	-3.607361e-05	0.00036377087	-0.9711679	-7.1e+11	0	0	-2.2514206e-08	7.1485253e-09	0
4.100007247487471e-09	-3.6943973e-05	0.00036118785	-0.97110415	-7.1e+11	0	0	-2.2621071e-08	7.107735e-09	0
4.110010945279983e-09	-3.7748414e-05	0.0003586081	-0.97104114	-7.1e+11	0	0	-2.272506e-08	7.066948e-09	0
4.120014645225414e-09	-3.8489918e-05	0.00035602227	-0.97097844	-7.1e+11	0	0	-2.28264e-08	7.0261192e-09	0
4.1300183342445375e-09	-3.91633e-05	0.00035344344	-0.9709164	-7.1e+11	0	0	-2.2925148e-08	6.9854584e-09	0
4.140022034361063e-09	-3.9789607e-05	0.00035086088	-0.970855	-7.1e+11	0	0	-2.3021004e-08	6.9447403e-09	0
4.1500257205825225e-09	-4.0351235e-05	0.00034828484	-0.97079414	-7.1e+11	0	0	-2.3114449e-08	6.9041826e-09	0
4.160029420024607e-09	-4.0867726e-05	0.00034571346	-0.97073394	-7.1e+11	0	0	-2.320501e-08	6.863487e-09	0
4.1700331149784385e-09	-4.1332085e-05	0.00034314115	-0.9706743	-7.1e+11	0	0	-2.3293259e-08	6.822773e-09	0
4.180000030525318e-09	-4.1749154e-05	0.00034058932	-0.97061545	-7.1e+11	0	0	-2.3378067e-08	6.7823103e-09	0
4.190003711810831e-09	-4.2124026e-05	0.00033802725	-0.97055686	-7.1e+11	0	0	-2.3460906e-08	6.7417223e-09	0
4.200007399842288e-09	-4.2453426e-05	0.00033547543	-0.97049904	-7.1e+11	0	0	-2.3541e-08	6.7012023e-09	0
4.210011092883917e-09	-4.274671e-05	0.00033292733	-0.9704416	-7.1e+11	0	0	-2.3618638e-08	6.6606867e-09	0
4.22001477520608e-09	-4.2998232e-05	0.0003303904	-0.97038484	-7.1e+11	0	0	-2.369368e-08	6.6202164e-09	0
4.225352112676056e-09	1.9007653e-05	9.313226e-10	-0.9659953	-7.11e+11	0	0	-2.9138496e-08	-4.9925997e-10	0
4.2353617411729455e-09	-5.961917e-05	-1.9149855e-05	-0.96599185	-7.11e+11	0	0	-2.8934814e-08	-5.2219584e-10	0
4.245375062628305e-09	7.748751e-06	3.2819808e-06	-0.96598566	-7.11e+11	0	0	-2.874385e-08	-5.432568e-10	0
4.25537981540811e-09	-4.4156448e-05	-1.2055039e-05	-0.9659821	-7.11e+11	0	0	-2.854377e-08	-5.664558e-10	0
4.265386551594999e-09	-3.8830867e-06	-6.6850334e-06	-0.96598333	-7.11e+11	0	0	-2.8346573e-08	-5.894051e-10	0
4.275356411021133e-09	-2.8876615e-05	-9.876676e-06	-0.9659872	-7.11e+11	0	0	-2.8146125e-08	-6.111622e-10	0
4.2853617982486265e-09	-9.579266e-06	-9.354204e-06	-0.96599114	-7.11e+11	0	0	-2.794567e-08	-6.337814e-10	0
4.2953661223796095e-09	-2.0005431e-05	-1.0896474e-05	-0.96599275	-7.11e+11	0	0	-2.7744537e-08	-6.5592765e-10	0
4.305370421974624e-09	-9.944919e-06	-1.1448748e-05	-0.9659925	-7.11e+11	0	0	-2.754393e-08	-6.781235e-10	0
4.31537474520303e-09	-1.3655257e-05	-1.2140721e-05	-0.965992	-7.11e+11	0	0	-2.7342963e-08	-7.001934e-10	0
4.325378957289371e-09	-8.024943e-06	-1.3051555e-05	-0.9659927	-7.11e+11	0	0	-2.714106e-08	-7.223034e-10	0
4.335382994520046e-09	-8.326316e-06	-1.3754703e-05	-0.96599483	-7.11e+11	0	0	-2.6937942e-08	-7.4401857e-10	0
4.345386934297976e-09	-4.502377e-06	-1.4491379e-05	-0.96599793	-7.11e+11	0	0	-2.6734405e-08	-7.657032e-10	0
4.355354030507845e-09	-3.2523023e-06	-1.5270896e-05	-0.966001	-7.11e+11	0	0	-2.6531211e-08	-7.873001e-10	0
4.36535786768326e-09	1.809076e-08	-1.5960075e-05	-0.96600366	-7.11e+11	0	0	-2.6326523e-08	-8.08609e-10	0
4.375361691992175e-09	2.1583369e-06	-1.6710721e-05	-0.96600604	-7.11e+11	0	0	-2.6121894e-08	-8.2990453e-10	0
4.385365455815581e-09	5.3591484e-06	-1.738593e-05	-0.9660088	-7.11e+11	0	0	-2.5916519e-08	-8.5126306e-10	0
4.395369193592893e-09	8.1079215e-06	-1.8101186e-05	-0.9660122	-7.11e+11	0	0	-2.5710502e-08	-8.720665e-10	0
4.405372916242127e-09	1.1512414e-05	-1.8762425e-05	-0.9660165	-7.11e+11	0	0	-2.5503844e-08	-8.9281654e-10	0
4.415376599199151e-09	1.4785083e-05	-1.941435e-05	-0.9660213	-7.11e+11	0	0	-2.5296607e-08	-9.133759e-10	0
4.425380273999388e-09	1.8517665e-05	-2.0056963e-05	-0.96602654	-7.11e+11	0	0	-2.5088692e-08	-9.336777e-10	0
4.435383941895093e-09	2.2336499e-05	-2.0661391e-05	-0.96603215	-7.11e+11	0	0	-2.4880318e-08	-9.537297e-10	0
4.44538761477943e-09	2.650952e-05	-2.1249056e-05	-0.96603835	-7.11e+11	0	0	-2.4671554e-08	-9.733677e-10	0
4.4553545040211265e-09	3.087608e-05	-2.1803193e-05	-0.96604514	-7.11e+11	0	0	-2.4463027e-08	-9.927482e-10	0
4.465358161655188e-09	3.5594792e-05	-2.2333115e-05	-0.96605295	-7.11e+11	0	0	-2.4252937e-08	-1.0118084e-09	0
4.475361851437895e-09	4.0599523e-05	-2.2820197e-05	-0.96606183	-7.11e+11	0	0	-2.4042153e-08	-1.0304051e-09	0
4.4853655430027535e-09	4.5956458e-05	-2.327282e-05	-0.9660717	-7.11e+11	0	0	-2.3830735e-08	-1.0486279e-09	0
4.495369263242358e-09	5.1668052e-05	-2.368167e-05	-0.96608263	-7.11e+11	0	0	-2.3619156e-08	-1.0662708e-09	0
4.505372977138039e-09	5.776644e-05	-2.404768e-05	-0.96609485	-7.11e+11	0	0	-2.3406914e-08	-1.0833302e-09	0
4.515376720093706e-09	6.427233e-05	-2.4353154e-05	-0.9661084	-7.11e+11	0	0	-2.3194076e-08	-1.0998841e-09	0
4.525380468149182e-09	7.12176e-05	-2.4604611e-05	-0.9661236	-7.11e+11	0	0	-2.2980599e-08	-1.1156464e-09	0
4.535384241282267e-09	7.8621866e-05	-2.4788082e-05	-0.9661406	-7.11e+11	0	0	-2.2766617e-08	-1.1305981e-09	0
4.545388009595957e-09	8.651598e-05	-2.4907291e-05	-0.96615946	-7.11e+11	0	0	-2.255175e-08	-1.1447697e-09	0
4.5553550244405285e-09	9.48987e-05	-2.4942681e-05	-0.96618056	-7.11e+11	0	0	-2.233712e-08	-1.1577472e-09	0
4.565358840769004e-09	0.00010385087	-2.4890527e-05	-0.9662039	-7.11e+11	0	0	-2.2121498e-08	-1.1697541e-09	0
4.575362666959571e-09	0.00011337483	-2.474524e-05	-0.9662301	-7.11e+11	0	0	-2.1905068e-08	-1.1804753e-09	0
4.585366487933113e-09	0.00012348955	-2.4504028e-05	-0.9662589	-7.11e+11	0	0	-2.1687965e-08	-1.1897259e-09	0
4.59537034475123e-09	0.00013421707	-2.4145469e-05	-0.966291	-7.11e+11	0	0	-2.1470452e-08	-1.1975899e-09	0
4.605374216920636e-09	0.00014557422	-2.367422e-05	-0.96632636	-7.11e+11	0	0	-2.1252388e-08	-1.2037125e-09	0
4.615378093945925e-09	0.00015756735	-2.3069791e-05	-0.9663655	-7.11e+11	0	0	-2.1033722e-08	-1.20788e-09	0
4.625381992611173e-09	0.00017020843	-2.233684e-05	-0.96640843	-7.11e+11	0	0	-2.0814658e-08	-1.2099781e-09	0
4.635385899213369e-09	0.00018348449	-2.1458603e-05	-0.9664555	-7.11e+11	0	0	-2.0595314e-08	-1.2097321e-09	0
4.645353048426533e-09	0.00019734184	-2.043834e-05	-0.96650684	-7.11e+11	0	0	-2.0376426e-08	-1.2069378e-09	0
4.655356976069244e-09	0.00021184147	-1.925882e-05	-0.96656275	-7.11e+11	0	0	-2.015651e-08	-1.201395e-09	0
4.6653609537088165e-09	0.00022691555	-1.792889e-05	-0.9666233	-7.11e+11	0	0	-1.9936294e-08	-1.1928882e-09	0
4.675364933692454e-09	0.00024249849	-1.643598e-05	-0.96668845	-7.11e+11	0	0	-1.9716003e-08	-1.1811676e-09	0
4.685368907965649e-09	0.00025853227	-1.4784746e-05	-0.9667584	-7.11e+11	0	0	-1.9495834e-08	-1.1657906e-09	0
4.695372910743115e-09	0.0002749392	-1.2978911e-05	-0.9668328	-7.11e+11	0	0	-1.9275772e-08	-1.1468754e-09	0
4.705376923077335e-09	0.0002916148	-1.1018477e-05	-0.96691155	-7.11e+11	0	0	-1.9056365e-08	-1.1238709e-09	0
4.715380946145896e-09	0.00030846338	-8.919276e-06	-0.9669943	-7.11e+11	0	0	-1.8837516e-08	-1.09684e-09	0
4.725384994668919e-09	0.00032535582	-6.6794455e-06	-0.9670806	-7.11e+11	0	0	-1.8619064e-08	-1.0653972e-09	0
4.735352265983984e-09	0.00034210662	-4.3269247e-06	-0.96716946	-7.11e+11	0	0	-1.8402694e-08	-1.0296517e-09	0
4.745356344662175e-09	0.00035869295	-1.8542632e-06	-0.96726125	-7.11e+11	0	0	-1.8186928e-08	-9.893417e-10	0
4.755360437173656e-09	0.00037492465	7.0780516e-07	-0.9673545	-7.11e+11	0	0	-1.7972885e-08	-9.444275e-10	0
4.76536451873304e-09	0.0003906494	3.3564866e-06	-0.9674486	-7.11e+11	0	0	-1.7760277e-08	-8.948994e-10	0
4.775368655255974e-09	0.00040573857	6.0619786e-06	-0.9675426	-7.11e+11	0	0	-1.7549683e-08	-8.40807e-10	0
4.785372800209756e-09	0.00042006202	8.812174e-06	-0.96763563	-7.11e+11	0	0	-1.7341844e-08	-7.82362e-10	0
4.7953769578368095e-09	0.00043350866	1.1588447e-05	-0.96772677	-7.11e+11	0	0	-1.7136612e-08	-7.19553e-10	0
4.805381120962521e-09	0.00044597802	1.4378689e-05	-0.96781504	-7.11e+11	0	0	-1.6933349e-08	-6.527195e-10	0
4.815385294454181e-09	0.00045740433	1.7158687e-05	-0.9679	-7.11e+11	0	0	-1.673391e-08	-5.821533e-10	0
4.825352728974584e-09	0.00046768604	1.991354e-05	-0.96798027	-7.11e+11	0	0	-1.6537742e-08	-5.0849536e-10	0
4.8353569477842425e-09	0.00047688832	2.263952e-05	-0.968056	-7.11e+11	0	0	-1.6343948e-08	-4.3146514e-10	0
4.8453611728807735e-09	0.0004849517	2.5333837e-05	-0.96812654	-7.11e+11	0	0	-1.6153923e-08	-3.518753e-10	0
4.855365418695544e-09	0.0004919171	2.796948e-05	-0.96819144	-7.11e+11	0	0	-1.5967155e-08	-2.7005959e-10	0
4.8653696804675414e-09	0.0004978119	3.055483e-05	-0.96825075	-7.11e+11	0	0	-1.5783142e-08	-1.8659974e-10	0
4.875373961715498e-09	0.0005027172	3.3073127e-05	-0.96830463	-7.11e+11	0	0	-1.5602996e-08	-1.0196877e-10	0
4.885378253682381e-09	0.0005066963	3.5529956e-05	-0.9683531	-7.11e+11	0	0	-1.542537e-08	-1.6506196e-11	0
4.895382577332982e-09	0.00050985714	3.7917867e-05	-0.9683966	-7.11e+11	0	0	-1.5250718e-08	6.935501e-11	0
4.905386918098613e-09	0.00051228015	4.024431e-05	-0.96843565	-7.11e+11	0	0	-1.5079232e-08	1.5509033e-10	0
4.9153544813494075e-09	0.0005140734	4.249811e-05	-0.96847075	-7.11e+11	0	0	-1.4910613e-08	2.401123e-10	0
4.925358843835079e-09	0.0005153345	4.4689514e-05	-0.96850264	-7.11e+11	0	0	-1.4743599e-08	3.2463837e-10	0
4.935363211078401e-09	0.000516154	4.681945e-05	-0.96853185	-7.11e+11	0	0	-1.4578842e-08	4.0810394e-10	0
4.945367609325742e-09	0.0005166123	4.889071e-05	-0.9685589	-7.11e+11	0	0	-1.441645e-08	4.9020765e-10	0
4.955372013475399e-09	0.00051677984	5.0907955e-05	-0.96858454	-7.11e+11	0	0	-1.4255615e-08	5.7086563e-10	0
4.965376431287782e-09	0.00051672815	5.2863732e-05	-0.9686089	-7.11e+11	0	0	-1.4096504e-08	6.498909e-10	0
4.97538085955744e-09	0.00051649683	5.477108e-05	-0.9686327	-7.11e+11	0	0	-1.3939385e-08	7.27066e-10	0
4.985385340082681e-09	0.00051614176	5.6628138e-05	-0.9686563	-7.11e+11	0	0	-1.3783271e-08	8.025055e-10	0
4.995353015219552e-09	0.000515692	5.8434904e-05	-0.96867996	-7.11e+11	0	0	-1.3629433e-08	8.7570573e-10	0
5.0053574873589305e-09	0.0005151685	6.020814e-05	-0.96870387	-7.11e+11	0	0	-1.3476234e-08	9.474106e-10	0
5.0153620076522695e-09	0.00051459647	6.194413e-05	-0.96872824	-7.11e+11	0	0	-1.3324501e-08	1.0172997e-09	0
5.02536652170996e-09	0.0005139848	6.3647516e-05	-0.9687532	-7.11e+11	0	0	-1.3173622e-08	1.0853157e-09	0
5.035371047530171e-09	0.00051334477	6.5330416e-05	-0.96877885	-7.11e+11	0	0	-1.3024177e-08	1.1517334e-09	0
5.04537558979356e-09	0.00051267986	6.698631e-05	-0.96880513	-7.11e+11	0	0	-1.28757245e-08	1.2164917e-09	0
5.055380140566989e-09	0.0005119932	6.86273e-05	-0.9688322	-7.11e+11	0	0	-1.2728149e-08	1.2799377e-09	0
5.065384711788511e-09	0.0005112842	7.024966e-05	-0.96886	-7.11e+11	0	0	-1.2582115e-08	1.341793e-09	0
5.075352496054562e-09	0.00051055907	7.1863644e-05	-0.9688884	-7.11e+11	0	0	-1.2437897e-08	1.4023247e-09	0
5.085357105776353e-09	0.0005098028	7.347576e-05	-0.9689174	-7.11e+11	0	0	-1.2293899e-08	1.461853e-09	0
5.095361718648471e-09	0.00050902367	7.509533e-05	-0.96894705	-7.11e+11	0	0	-1.2151535e-08	1.5203743e-09	0
5.105366337983416e-09	0.00050821836	7.6722354e-05	-0.9689772	-7.11e+11	0	0	-1.2009987e-08	1.5781975e-09	0
5.115370979885381e-09	0.0005073834	7.835869e-05	-0.96900773	-7.11e+11	0	0	-1.1869591e-08	1.6351852e-09	0
5.125375625480629e-09	0.00050652015	8.001458e-05	-0.9690387	-7.11e+11	0	0	-1.1730599e-08	1.6917191e-09	0
5.135380292205038e-09	0.0005056241	8.169096e-05	-0.96907	-7.11e+11	0	0	-1.159272e-08	1.7477112e-09	0
5.145384948575182e-09	0.00050470297	8.339062e-05	-0.9691015	-7.11e+11	0	0	-1.1455917e-08	1.8036728e-09	0
5.15535284379138e-09	0.0005037526	8.5116364e-05	-0.96913314	-7.11e+11	0	0	-1.1320999e-08	1.8591308e-09	0
5.165357533476834e-09	0.00050276995	8.687936e-05	-0.9691649	-7.11e+11	0	0	-1.1187088e-08	1.9146957e-09	0
5.17536225270654e-09	0.0005017626	8.867774e-05	-0.96919686	-7.11e+11	0	0	-1.1054191e-08	1.9704476e-09	0
5.185366963577064e-09	0.0005007279	9.051524e-05	-0.9692289	-7.11e+11	0	0	-1.0923103e-08	2.0263862e-09	0
5.195371715105247e-09	0.00049966923	9.239931e-05	-0.96926093	-7.11e+11	0	0	-1.0793167e-08	2.0826836e-09	0
5.205376465872553e-09	0.0004985881	9.43169e-05	-0.9692931	-7.11e+11	0	0	-1.0664322e-08	2.139412e-09	0
5.215381223371887e-09	0.00049748307	9.6293166e-05	-0.96932536	-7.11e+11	0	0	-1.05376055e-08	2.1965714e-09	0
5.225385982678478e-09	0.0004963598	9.830482e-05	-0.9693576	-7.11e+11	0	0	-1.0412048e-08	2.2544633e-09	0
5.235353958794953e-09	0.00049521663	0.00010035932	-0.96939	-7.11e+11	0	0	-1.0288315e-08	2.3126678e-09	0
5.245358727257367e-09	0.0004940499	0.00010246597	-0.96942264	-7.11e+11	0	0	-1.0166092e-08	2.3718223e-09	0
5.2553635242018015e-09	0.00049285527	0.00010461733	-0.9694555	-7.11e+11	0	0	-1.0044823e-08	2.4319116e-09	0
5.265368333921728e-09	0.00049163756	0.00010681432	-0.96948874	-7.11e+11	0	0	-9.925942e-09	2.492653e-09	0
5.275373123252995e-09	0.00049038517	0.0001090616	-0.9695223	-7.11e+11	0	0	-9.808182e-09	2.5541764e-09	0
5.2853779347110036e-09	0.0004890962	0.00011133496	-0.96955645	-7.11e+11	0	0	-9.69236e-09	2.6165086e-09	0
5.2953827456869595e-09	0.0004877688	0.000113657676	-0.9695912	-7.11e+11	0	0	-9.577972e-09	2.6798135e-09	0
5.305387595992295e-09	0.00048638476	0.00011600647	-0.96962655	-7.11e+11	0	0	-9.465599e-09	2.7438507e-09	0
5.315355646042358e-09	0.00048495393	0.00011837948	-0.9696626	-7.11e+11	0	0	-9.354866e-09	2.808445e-09	0
5.325360513665389e-09	0.00048344472	0.00012078928	-0.96969986	-7.11e+11	0	0	-9.245994e-09	2.8739167e-09	0
5.3353653785369545e-09	0.00048185966	0.00012321398	-0.9697381	-7.11e+11	0	0	-9.1383745e-09	2.940071e-09	0
5.345370240574663e-09	0.0004801847	0.00012566335	-0.96977746	-7.11e+11	0	0	-9.032928e-09	3.006813e-09	0
5.35537514424642e-09	0.0004784125	0.00012811832	-0.9698181	-7.11e+11	0	0	-8.92894e-09	3.0740586e-09	0
5.365380021746738e-09	0.00047652834	0.00013058633	-0.9698601	-7.11e+11	0	0	-8.827232e-09	3.141777e-09	0
5.375384872030118e-09	0.0004745262	0.00013305247	-0.96990335	-7.11e+11	0	0	-8.726769e-09	3.210064e-09	0
5.385352992212103e-09	0.00047239847	0.00013550371	-0.96994805	-7.11e+11	0	0	-8.628807e-09	3.2780534e-09	0
5.3953578799802485e-09	0.00047012692	0.0001379596	-0.96999437	-7.11e+11	0	0	-8.532135e-09	3.3465652e-09	0
5.405362779698943e-09	0.00046770636	0.00014039502	-0.9700421	-7.11e+11	0	0	-8.43724e-09	3.4148293e-09	0
5.415367657517183e-09	0.00046513564	0.00014282158	-0.97009146	-7.11e+11	0	0	-8.344635e-09	3.4830894e-09	0
5.4253725556252734e-09	0.00046240207	0.00014521647	-0.9701423	-7.11e+11	0	0	-8.2534335e-09	3.5512009e-09	0
5.435377460893409e-09	0.00045950923	0.00014758855	-0.97019464	-7.11e+11	0	0	-8.163933e-09	3.6188126e-09	0
5.44538235921191e-09	0.0004564505	0.0001499271	-0.9702484	-7.11e+11	0	0	-8.076729e-09	3.6860772e-09	0
5.4553872409182055e-09	0.00045323075	0.00015223306	-0.9703036	-7.11e+11	0	0	-7.990837e-09	3.7527963e-09	0
5.465355342043291e-09	0.0004498605	0.00015448593	-0.9703597	-7.11e+11	0	0	-7.907692e-09	3.8183554e-09	0
5.475360238474766e-09	0.00044632293	0.00015671132	-0.9704172	-7.11e+11	0	0	-7.825721e-09	3.8835566e-09	0
5.485365128376263e-09	0.00044262764	0.00015889178	-0.97047573	-7.11e+11	0	0	-7.7455065e-09	3.9478416e-09	0
5.4953700017254105e-09	0.0004387939	0.00016102754	-0.9705352	-7.11e+11	0	0	-7.6673965e-09	4.011105e-09	0
5.505374893431394e-09	0.00043481795	0.00016310532	-0.97059536	-7.11e+11	0	0	-7.591256e-09	4.073368e-09	0
5.515379795315286e-09	0.00043071914	0.00016514538	-0.9706563	-7.11e+11	0	0	-7.51638e-09	4.1343995e-09	0
5.525384675255845e-09	0.00042650307	0.00016712584	-0.9707176	-7.11e+11	0	0	-7.443733e-09	4.1942827e-09	0
5.5353527452751406e-09	0.0004222016	0.00016905088	-0.970779	-7.11e+11	0	0	-7.373558e-09	4.25267e-09	0
5.5453576208905605e-09	0.0004177891	0.00017093029	-0.9708408	-7.11e+11	0	0	-7.304085e-09	4.3097574e-09	0
5.555362501335495e-09	0.000413302	0.00017275475	-0.97090274	-7.11e+11	0	0	-7.237129e-09	4.3656847e-09	0
5.565367361615761e-09	0.00040874892	0.00017452985	-0.9709646	-7.11e+11	0	0	-7.1712263e-09	4.420265e-09	0
5.5753722341627105e-09	0.00040414272	0.00017624907	-0.97102606	-7.11e+11	0	0	-7.107056e-09	4.4734496e-09	0
5.585377088165361e-09	0.00039950304	0.00017791986	-0.9710872	-7.11e+11	0	0	-7.045204e-09	4.5251274e-09	0
5.5953819538969405e-09	0.00039483185	0.00017953478	-0.9711479	-7.11e+11	0	0	-6.9849397e-09	4.57531e-09	0
5.605386811845291e-09	0.00039015454	0.00018110033	-0.97120786	-7.11e+11	0	0	-6.9258195e-09	4.624199e-09	0
5.615354864378462e-09	0.00038548923	0.00018260814	-0.9712669	-7.11e+11	0	0	-6.8691866e-09	4.671341e-09	0
5.625359714537568e-09	0.0003808186	0.00018407311	-0.97132546	-7.11e+11	0	0	-6.8130723e-09	4.7173043e-09	0
5.635364566472611e-09	0.00037616945	0.00018548965	-0.9713831	-7.11e+11	0	0	-6.759331e-09	4.7616537e-09	0
5.6453694144393e-09	0.00037155152	0.00018685963	-0.9714396	-7.11e+11	0	0	-6.707024e-09	4.804699e-09	0
5.65537424411881e-09	0.00036697404	0.00018818211	-0.9714953	-7.11e+11	0	0	-6.6560975e-09	4.8463975e-09	0
5.665379073332786e-09	0.0003624452	0.00018946268	-0.9715497	-7.11e+11	0	0	-6.6064607e-09	4.8867226e-09	0
5.675383904337991e-09	0.00035797464	0.00019069668	-0.97160316	-7.11e+11	0	0	-6.5587997e-09	4.9256097e-09	0
5.685388707031495e-09	0.00035355895	0.00019188598	-0.97165525	-7.11e+11	0	0	-6.5123826e-09	4.9632147e-09	0
5.695356740815954e-09	0.000349238	0.00019303057	-0.97170603	-7.11e+11	0	0	-6.4675216e-09	4.999355e-09	0
5.705361546721027e-09	0.00034496555	0.00019414071	-0.97175586	-7.11e+11	0	0	-6.423355e-09	5.0343436e-09	0
5.7153663570751905e-09	0.00034077693	0.00019521452	-0.9718042	-7.11e+11	0	0	-6.3806533e-09	5.068264e-09	0
5.7253711501786975e-09	0.0003366639	0.00019624084	-0.97185147	-7.11e+11	0	0	-6.3393326e-09	5.1009215e-09	0
5.735375936000678e-09	0.000332641	0.00019723922	-0.9718975	-7.11e+11	0	0	-6.2996444e-09	5.132309e-09	0
5.745380698158116e-09	0.00032869936	0.00019819755	-0.9719421	-7.11e+11	0	0	-6.260841e-09	5.1627236e-09	0
5.755385465399469e-09	0.00032484916	0.00019912329	-0.9719856	-7.11e+11	0	0	-6.223045e-09	5.1919633e-09	0
5.765353440181362e-09	0.00032110218	0.00020001177	-0.9720276	-7.11e+11	0	0	-6.186981e-09	5.2201425e-09	0
5.775358210348386e-09	0.00031742943	0.00020086672	-0.97206855	-7.11e+11	0	0	-6.1517107e-09	5.2472955e-09	0
5.7853629397573865e-09	0.00031384974	0.00020169839	-0.9721083	-7.11e+11	0	0	-6.117737e-09	5.2733267e-09	0
5.7953676973201694e-09	0.00031036013	0.00020249374	-0.9721469	-7.11e+11	0	0	-6.084259e-09	5.2985993e-09	0
5.805372448266226e-09	0.00030696104	0.00020326208	-0.97218424	-7.11e+11	0	0	-6.0518874e-09	5.322796e-09	0
5.815377184810041e-09	0.0003036502	0.00020400248	-0.9722204	-7.11e+11	0	0	-6.0207213e-09	5.3462257e-09	0
5.825381916091189e-09	0.00030043075	0.00020471215	-0.9722554	-7.11e+11	0	0	-5.990646e-09	5.368641e-09	0
5.835386640703123e-09	0.00029729784	0.00020539481	-0.9722894	-7.11e+11	0	0	-5.9610215e-09	5.3902625e-09	0
5.8453545697382906e-09	0.00029426388	0.00020605046	-0.97232205	-7.11e+11	0	0	-5.9332734e-09	5.4110108e-09	0
5.855359296788239e-09	0.00029130286	0.00020669121	-0.9723539	-7.11e+11	0	0	-5.9055174e-09	5.431061e-09	0
5.865363998943112e-09	0.00028842536	0.0002072975	-0.9723845	-7.11e+11	0	0	-5.8787e-09	5.4503326e-09	0
5.875368714685356e-09	0.00028563	0.00020788517	-0.9724143	-7.11e+11	0	0	-5.852867e-09	5.4688454e-09	0
5.88537341710995e-09	0.00028291298	0.00020844722	-0.9724431	-7.11e+11	0	0	-5.8272933e-09	5.4867666e-09	0
5.895378102703033e-09	0.00028027754	0.00020898692	-0.9724709	-7.11e+11	0	0	-5.8029785e-09	5.5038756e-09	0
5.9053828002419174e-09	0.00027771672	0.00020950753	-0.97249776	-7.11e+11	0	0	-5.779579e-09	5.5203246e-09	0
5.915387466331974e-09	0.00027523073	0.00021000858	-0.9725237	-7.11e+11	0	0	-5.7564544e-09	5.536167e-09	0
5.925355386409973e-09	0.00027282603	0.00021048915	-0.9725487	-7.11e+11	0	0	-5.7343903e-09	5.5513953e-09	0
5.935360081544177e-09	0.00027048163	0.0002109455	-0.97257304	-7.11e+11	0	0	-5.7124327e-09	5.5660783e-09	0
5.945364745738997e-09	0.0002682073	0.0002113888	-0.9725964	-7.11e+11	0	0	-5.6913683e-09	5.5800933e-09	0
5.955369426147508e-09	0.0002659962	0.00021180883	-0.972619	-7.11e+11	0	0	-5.6710054e-09	5.593704e-09	0
5.9653741001851504e-09	0.00026385623	0.00021221815	-0.9726408	-7.11e+11	0	0	-5.651169e-09	5.6067773e-09	0
5.975378750972159e-09	0.0002617675	0.00021260325	-0.972662	-7.11e+11	0	0	-5.6316836e-09	5.6192855e-09	0
5.985383409830712e-09	0.00025974997	0.00021297764	-0.9726824	-7.11e+11	0	0	-5.6126175e-09	5.6311533e-09	0
5.995388090433234e-09	0.0002577828	0.0002133334	-0.972702	-7.11e+11	0	0	-5.595093e-09	5.642723e-09	0
6.005355956243264e-09	0.0002558825	0.00021366822	-0.97272104	-7.11e+11	0	0	-5.57695e-09	5.653736e-09	0
6.015360621656839e-09	0.00025402821	0.00021399464	-0.97273934	-7.11e+11	0	0	-5.5598677e-09	5.664375e-09	0
6.025365259547753e-09	0.0002522272	0.00021429919	-0.97275704	-7.11e+11	0	0	-5.5431135e-09	5.6745684e-09	0
6.035369898638718e-09	0.00025047417	0.00021459907	-0.9727741	-7.11e+11	0	0	-5.526703e-09	5.684311e-09	0
6.045374551212222e-09	0.0002487732	0.00021487381	-0.97279066	-7.11e+11	0	0	-5.5109406e-09	5.6937104e-09	0
6.055379200235962e-09	0.00024711897	0.0002151439	-0.9728066	-7.11e+11	0	0	-5.4952087e-09	5.7027663e-09	0
6.065383842018154e-09	0.00024550656	0.00021539442	-0.97282195	-7.11e+11	0	0	-5.480141e-09	5.711285e-09	0
6.075388480644762e-09	0.00024394193	0.0002156347	-0.9728368	-7.11e+11	0	0	-5.4653473e-09	5.7196083e-09	0
6.085356349727271e-09	0.00024242085	0.00021585822	-0.97285104	-7.11e+11	0	0	-5.450859e-09	5.72744e-09	0
6.095360994994088e-09	0.00024093641	0.00021607243	-0.97286487	-7.11e+11	0	0	-5.436928e-09	5.735046e-09	0
6.105365634092745e-09	0.0002394891	0.00021627452	-0.97287816	-7.11e+11	0	0	-5.4231033e-09	5.742256e-09	0
6.1153702776657755e-09	0.00023807834	0.00021646544	-0.9728909	-7.11e+11	0	0	-5.4099427e-09	5.7491034e-09	0
6.1253749212789415e-09	0.00023670489	0.00021664053	-0.9729033	-7.11e+11	0	0	-5.3968505e-09	5.755703e-09	0
6.135379564966126e-09	0.0002353635	0.00021680724	-0.9729153	-7.11e+11	0	0	-5.383911e-09	5.762001e-09	0
6.145384212408857e-09	0.00023405429	0.00021696044	-0.97292686	-7.11e+11	0	0	-5.3713456e-09	5.767971e-09	0
6.155388846489691e-09	0.00023277586	0.0002171048	-0.9729379	-7.11e+11	0	0	-5.358757e-09	5.7737197e-09	0
6.1653567048986294e-09	0.0002315352	0.00021723658	-0.9729485	-7.11e+11	0	0	-5.346901e-09	5.779068e-09	0
6.175361334111538e-09	0.0002303108	0.00021735951	-0.97295886	-7.11e+11	0	0	-5.334862e-09	5.784214e-09	0
6.18536599273382e-09	0.00022912136	0.00021747034	-0.9729688	-7.11e+11	0	0	-5.3233413e-09	5.789173e-09	0
6.195370628786006e-09	0.00022794926	0.00021757139	-0.97297835	-7.11e+11	0	0	-5.3122404e-09	5.7937926e-09	0
6.205375273804981e-09	0.0002268086	0.0002176566	-0.97298753	-7.11e+11	0	0	-5.300667e-09	5.7980425e-09	0
6.215379919140916e-09	0.0002256877	0.00021774461	-0.9729964	-7.11e+11	0	0	-5.2899476e-09	5.8021468e-09	0
6.2253845436958726e-09	0.00022458826	0.00021780841	-0.97300494	-7.11e+11	0	0	-5.279274e-09	5.8060152e-09	0
6.235352395811816e-09	0.00022351567	0.00021787267	-0.9730131	-7.11e+11	0	0	-5.268387e-09	5.809624e-09	0
6.245357049893327e-09	0.000222453	0.00021791924	-0.97302103	-7.11e+11	0	0	-5.258026e-09	5.8129577e-09	0
6.255361689422657e-09	0.00022141759	0.00021796022	-0.97302854	-7.11e+11	0	0	-5.247269e-09	5.8161813e-09	0
6.265366346414223e-09	0.00022038893	0.00021799374	-0.97303593	-7.11e+11	0	0	-5.2367857e-09	5.8191567e-09	0
6.27537097724979e-09	0.00021938588	0.00021801377	-0.97304296	-7.11e+11	0	0	-5.2270126e-09	5.821785e-09	0
6.285375631302058e-09	0.00021839123	0.0002180268	-0.9730497	-7.11e+11	0	0	-5.2167666e-09	5.8243104e-09	0
6.295380289387578e-09	0.0002174149	0.00021803007	-0.9730561	-7.11e+11	0	0	-5.2066116e-09	5.8266907e-09	0
6.3053849075443185e-09	0.00021644749	0.00021802261	-0.97306234	-7.11e+11	0	0	-5.1969375e-09	5.828682e-09	0
6.31535278116916e-09	0.00021549914	0.00021800492	-0.9730683	-7.11e+11	0	0	-5.1870956e-09	5.8306084e-09	0
6.3253574231590034e-09	0.00021455619	0.00021797884	-0.973074	-7.11e+11	0	0	-5.177635e-09	5.8323057e-09	0
6.335362091285762e-09	0.00021362498	0.00021794438	-0.97307944	-7.11e+11	0	0	-5.167862e-09	5.8337934e-09	0
6.345366751248678e-09	0.00021269973	0.00021790201	-0.9730846	-7.11e+11	0	0	-5.1582107e-09	5.8350182e-09	0
6.3553714016845514e-09	0.00021178694	0.00021784473	-0.9730897	-7.11e+11	0	0	-5.148407e-09	5.836113e-09	0
6.3653760494481806e-09	0.0002108758	0.00021778606	-0.9730945	-7.11e+11	0	0	-5.139191e-09	5.836998e-09	0
6.3753807102588865e-09	0.00020997529	0.00021771248	-0.9730991	-7.11e+11	0	0	-5.1292726e-09	5.8377267e-09	0
6.38538536181014e-09	0.0002090801	0.00021763425	-0.9731034	-7.11e+11	0	0	-5.1197357e-09	5.8382987e-09	0
6.395353250321406e-09	0.00020818987	0.00021754112	-0.9731076	-7.11e+11	0	0	-5.1104814e-09	5.8385123e-09	0
6.405357902043126e-09	0.00020730324	0.00021744333	-0.9731116	-7.11e+11	0	0	-5.1007616e-09	5.838745e-09	0
6.415362576264437e-09	0.00020641708	0.00021732971	-0.9731153	-7.11e+11	0	0	-5.0914917e-09	5.8387335e-09	0
6.425367235682405e-09	0.0002055339	0.00021721562	-0.9731189	-7.11e+11	0	0	-5.0817106e-09	5.838474e-09	0
6.435371912599923e-09	0.00020465042	0.0002170857	-0.97312224	-7.11e+11	0	0	-5.0722275e-09	5.838085e-09	0
6.445376569257324e-09	0.00020376775	0.00021694833	-0.97312546	-7.11e+11	0	0	-5.062584e-09	5.83749e-09	0
6.4553812330263155e-09	0.00020288592	0.00021680305	-0.97312844	-7.11e+11	0	0	-5.0528413e-09	5.8366396e-09	0
6.465385903204292e-09	0.00020199931	0.00021664612	-0.9731313	-7.11e+11	0	0	-5.042816e-09	5.8358496e-09	0
6.475353794148475e-09	0.00020111821	0.00021648128	-0.973134	-7.11e+11	0	0	-5.0332414e-09	5.834652e-09	0
6.48535846935399e-09	0.00020022687	0.00021630246	-0.9731365	-7.11e+11	0	0	-5.023102e-09	5.833431e-09	0
6.4953631572979105e-09	0.0001993346	0.00021611806	-0.9731389	-7.11e+11	0	0	-5.013138e-09	5.8319665e-09	0
6.5053678306769715e-09	0.00019843617	0.00021592434	-0.973141	-7.11e+11	0	0	-5.0031357e-09	5.830246e-09	0
6.515372500361586e-09	0.000197535	0.0002157148	-0.9731431	-7.11e+11	0	0	-4.9929274e-09	5.828472e-09	0
6.525377183197517e-09	0.00019662149	0.00021550152	-0.973145	-7.11e+11	0	0	-4.9825517e-09	5.8264082e-09	0
6.535381842222713e-09	0.00019570658	0.00021527149	-0.9731467	-7.11e+11	0	0	-4.972153e-09	5.82415e-09	0
6.545386531989997e-09	0.00019478131	0.00021503773	-0.9731482	-7.11e+11	0	0	-4.961403e-09	5.821808e-09	0
6.5553544531239265e-09	0.00019385343	0.00021479279	-0.97314966	-7.11e+11	0	0	-4.9511413e-09	5.8192366e-09	0
6.565359123319706e-09	0.00019290892	0.00021453248	-0.97315085	-7.11e+11	0	0	-4.939888e-09	5.8164558e-09	0
6.575363816269e-09	0.00019196031	0.0002142638	-0.973152	-7.11e+11	0	0	-4.928734e-09	5.813423e-09	0
6.585368509567584e-09	0.00019099432	0.0002139844	-0.973153	-7.11e+11	0	0	-4.91745e-09	5.810356e-09	0
6.595373184712083e-09	0.00019002258	0.00021369662	-0.97315377	-7.11e+11	0	0	-4.9063416e-09	5.806957e-09	0
6.605377879330483e-09	0.00018903284	0.0002133944	-0.97315454	-7.11e+11	0	0	-4.8944475e-09	5.803543e-09	0
6.615382587969498e-09	0.00018803444	0.00021307636	-0.9731551	-7.11e+11	0	0	-4.8825304e-09	5.799774e-09	0
6.625387301886021e-09	0.00018701982	0.00021276064	-0.9731555	-7.11e+11	0	0	-4.870911e-09	5.7958336e-09	0
6.635355190945808e-09	0.00018599555	0.00021241792	-0.97315586	-7.11e+11	0	0	-4.8581468e-09	5.791786e-09	0
6.645359894836985e-09	0.00018495199	0.00021207798	-0.9731559	-7.11e+11	0	0	-4.8462754e-09	5.7874296e-09	0
6.655364594154888e-09	0.0001838931	0.00021171058	-0.9731559	-7.11e+11	0	0	-4.833107e-09	5.7829324e-09	0
6.665369306968047e-09	0.00018281827	0.00021134596	-0.97315586	-7.11e+11	0	0	-4.8201216e-09	5.778202e-09	0
6.675374012831629e-09	0.00018172209	0.00021095853	-0.9731555	-7.11e+11	0	0	-4.8069917e-09	5.7733e-09	0
6.685378714327005e-09	0.0001806126	0.00021056645	-0.97315514	-7.11e+11	0	0	-4.793617e-09	5.7681464e-09	0
6.695383439099289e-09	0.00017947768	0.00021015666	-0.9731546	-7.11e+11	0	0	-4.7793502e-09	5.762825e-09	0
6.705388133299088e-09	0.00017833158	0.0002097357	-0.97315395	-7.11e+11	0	0	-4.765228e-09	5.7573013e-09	0
6.715356079874119e-09	0.00017716363	0.0002093073	-0.9731531	-7.11e+11	0	0	-4.750908e-09	5.7515144e-09	0
6.7253608072088284e-09	0.00017597165	0.00020885933	-0.9731522	-7.11e+11	0	0	-4.736275e-09	5.7456053e-09	0
6.7353655449488145e-09	0.00017475765	0.00020839972	-0.97315115	-7.11e+11	0	0	-4.7213975e-09	5.739376e-09	0
6.745370245428076e-09	0.00017352331	0.00020792615	-0.9731499	-7.11e+11	0	0	-4.7056425e-09	5.7328835e-09	0
6.755374968660091e-09	0.00017226404	0.00020744186	-0.97314864	-7.11e+11	0	0	-4.690056e-09	5.7261698e-09	0
6.765379700759882e-09	0.00017098065	0.00020694174	-0.97314715	-7.11e+11	0	0	-4.67437e-09	5.719227e-09	0
6.775384443801874e-09	0.00016967686	0.00020642858	-0.97314554	-7.11e+11	0	0	-4.6577227e-09	5.712086e-09	0
6.7853523864682035e-09	0.00016834596	0.00020590425	-0.9731438	-7.11e+11	0	0	-4.6411133e-09	5.7047385e-09	0
6.795357113069913e-09	0.00016698928	0.00020536128	-0.9731419	-7.11e+11	0	0	-4.62368e-09	5.697098e-09	0
6.805361845959424e-09	0.0001656071	0.00020480994	-0.9731399	-7.11e+11	0	0	-4.606262e-09	5.6892775e-09	0
6.815366586978974e-09	0.00016419457	0.0002042409	-0.97313774	-7.11e+11	0	0	-4.588127e-09	5.681122e-09	0
6.825371327352415e-09	0.00016275763	0.0002036579	-0.9731354	-7.11e+11	0	0	-4.569771e-09	5.6727867e-09	0
6.835376056042446e-09	0.0001612903	0.00020306278	-0.97313297	-7.11e+11	0	0	-4.5508424e-09	5.6641465e-09	0
6.845380830991114e-09	0.0001597966	0.00020244531	-0.9731304	-7.11e+11	0	0	-4.5313646e-09	5.6552696e-09	0
6.855385581720271e-09	0.00015827507	0.00020182598	-0.97312766	-7.11e+11	0	0	-4.512169e-09	5.6460268e-09	0
6.8653535351312605e-09	0.00015672397	0.00020118151	-0.9731248	-7.11e+11	0	0	-4.4917297e-09	5.6367417e-09	0
6.875358322578646e-09	0.00015514271	0.00020053145	-0.97312176	-7.11e+11	0	0	-4.470787e-09	5.6270295e-09	0
6.885363068678467e-09	0.00015352783	0.00019985624	-0.97311854	-7.11e+11	0	0	-4.449478e-09	5.6171303e-09	0
6.895367840759245e-09	0.0001518846	0.00019917707	-0.97311527	-7.11e+11	0	0	-4.427681e-09	5.6068994e-09	0
6.905372598907419e-09	0.00015020577	0.00019847229	-0.9731118	-7.11e+11	0	0	-4.4060746e-09	5.5963363e-09	0
6.915377387000096e-09	0.00014850292	0.00019775797	-0.97310823	-7.11e+11	0	0	-4.383064e-09	5.58556e-09	0
6.925382158788042e-09	0.00014675914	0.0001970306	-0.97310436	-7.11e+11	0	0	-4.3592756e-09	5.5745657e-09	0
6.9353869399701115e-09	0.00014498818	0.00019628461	-0.9731004	-7.11e+11	0	0	-4.335693e-09	5.5631943e-09	0
6.945354945803141e-09	0.00014318989	0.00019552978	-0.9730964	-7.11e+11	0	0	-4.311203e-09	5.5515517e-09	0
6.955359732984042e-09	0.00014135336	0.00019475911	-0.97309214	-7.11e+11	0	0	-4.2861785e-09	5.539646e-09	0
6.965364518957754e-09	0.00013948158	0.00019396748	-0.97308767	-7.11e+11	0	0	-4.260872e-09	5.527382e-09	0
6.975369328946339e-09	0.00013757753	0.00019316608	-0.97308314	-7.11e+11	0	0	-4.233864e-09	5.5148734e-09	0
6.9853741214764115e-09	0.00013564232	0.00019234698	-0.97307837	-7.11e+11	0	0	-4.207321e-09	5.5021516e-09	0
6.9953789257683924e-09	0.00013366909	0.0001915181	-0.9730734	-7.11e+11	0	0	-4.180107e-09	5.488922e-09	0
7.005383725140607e-09	0.00013166657	0.00019066781	-0.9730683	-7.11e+11	0	0	-4.1517714e-09	5.4756737e-09	0
7.015388558631561e-09	0.00012962731	0.0001898082	-0.973063	-7.11e+11	0	0	-4.1227266e-09	5.461849e-09	0
7.025356584893699e-09	0.0001275651	0.00018893648	-0.9730576	-7.11e+11	0	0	-4.09359e-09	5.4479523e-09	0
7.035361418060673e-09	0.00012546	0.00018804986	-0.97305197	-7.11e+11	0	0	-4.0634918e-09	5.4335745e-09	0
7.0453662601397285e-09	0.00012332172	0.00018714508	-0.9730461	-7.11e+11	0	0	-4.032761e-09	5.418907e-09	0
7.055371092224441e-09	0.000121152785	0.00018622726	-0.97304016	-7.11e+11	0	0	-4.0011674e-09	5.403973e-09	0
7.065375917245977e-09	0.00011894802	0.0001852978	-0.973034	-7.11e+11	0	0	-3.9687347e-09	5.3886375e-09	0
7.075380752368436e-09	0.00011671215	0.00018435717	-0.97302765	-7.11e+11	0	0	-3.9356993e-09	5.373165e-09	0
7.0853856137889196e-09	0.0001144421	0.00018339977	-0.97302115	-7.11e+11	0	0	-3.9024277e-09	5.3572085e-09	0
7.0953536639672096e-09	0.00011215239	0.00018243771	-0.9730144	-7.11e+11	0	0	-3.8677825e-09	5.3411253e-09	0
7.105358539183475e-09	0.00010981855	0.00018145517	-0.9730075	-7.11e+11	0	0	-3.8330383e-09	5.3245737e-09	0
7.115363395442672e-09	0.00010745869	0.0001804633	-0.9730004	-7.11e+11	0	0	-3.796593e-09	5.307621e-09	0
7.125368258393114e-09	0.000105062616	0.00017946027	-0.972993	-7.11e+11	0	0	-3.7596055e-09	5.2906e-09	0
7.1353731394803385e-09	0.00010264175	0.00017844466	-0.97298557	-7.11e+11	0	0	-3.722496e-09	5.2731437e-09	0
7.145378017472807e-09	0.00010018698	0.00017741881	-0.9729779	-7.11e+11	0	0	-3.6840058e-09	5.2553824e-09	0
7.155382922967306e-09	9.7707394e-05	0.00017637946	-0.97296995	-7.11e+11	0	0	-3.6445846e-09	5.237255e-09	0
7.165387802964729e-09	9.519611e-05	0.0001753373	-0.9729618	-7.11e+11	0	0	-3.6047592e-09	5.2189635e-09	0
7.175355892220507e-09	9.266786e-05	0.00017427467	-0.9729535	-7.11e+11	0	0	-3.564415e-09	5.2002296e-09	0
7.185360792591883e-09	9.010487e-05	0.00017321296	-0.972945	-7.11e+11	0	0	-3.5226975e-09	5.1811524e-09	0
7.1953657182713204e-09	8.7512635e-05	0.00017213356	-0.9729363	-7.11e+11	0	0	-3.4803924e-09	5.1618385e-09	0
7.205370613647414e-09	8.489969e-05	0.00017104857	-0.97292733	-7.11e+11	0	0	-3.4369279e-09	5.1422577e-09	0
7.215375517277704e-09	8.22582e-05	0.00016995706	-0.97291833	-7.11e+11	0	0	-3.3928147e-09	5.1223337e-09	0
7.225380460199022e-09	7.959682e-05	0.00016885437	-0.9729089	-7.11e+11	0	0	-3.3477783e-09	5.101982e-09	0
7.235385383239205e-09	7.690989e-05	0.00016774656	-0.97289944	-7.11e+11	0	0	-3.3016587e-09	5.0816156e-09	0
7.245353515460151e-09	7.421277e-05	0.00016663224	-0.9728898	-7.11e+11	0	0	-3.25531e-09	5.0608633e-09	0
7.255358469751428e-09	7.148097e-05	0.00016551279	-0.97287977	-7.11e+11	0	0	-3.2073593e-09	5.039768e-09	0
7.265363390681601e-09	6.8731875e-05	0.0001643817	-0.9728697	-7.11e+11	0	0	-3.1583252e-09	5.018501e-09	0
7.275368340343942e-09	6.596362e-05	0.00016324874	-0.97285926	-7.11e+11	0	0	-3.1093368e-09	4.99683e-09	0
7.285373298517831e-09	6.317511e-05	0.00016210787	-0.9728488	-7.11e+11	0	0	-3.0588836e-09	4.974934e-09	0
7.2953782561880934e-09	6.0370578e-05	0.0001609642	-0.97283804	-7.11e+11	0	0	-3.00766e-09	4.9526747e-09	0
7.305383198787468e-09	5.7544552e-05	0.00015981775	-0.9728272	-7.11e+11	0	0	-2.9552079e-09	4.9301874e-09	0
7.31538817307445e-09	5.470747e-05	0.00015865732	-0.972816	-7.11e+11	0	0	-2.9020615e-09	4.9074553e-09	0
7.325356357842181e-09	5.1862615e-05	0.00015751272	-0.9728048	-7.11e+11	0	0	-2.8480072e-09	4.8846664e-09	0
7.335361384066137e-09	4.89937e-05	0.00015635416	-0.9727932	-7.11e+11	0	0	-2.792923e-09	4.861351e-09	0
7.345366351574359e-09	4.6109253e-05	0.00015519	-0.9727815	-7.11e+11	0	0	-2.7367402e-09	4.837917e-09	0
7.355371359061454e-09	4.321141e-05	0.00015402772	-0.9727697	-7.11e+11	0	0	-2.6798248e-09	4.814274e-09	0
7.365376349371523e-09	4.0301926e-05	0.00015286077	-0.9727575	-7.11e+11	0	0	-2.6220093e-09	4.790314e-09	0
7.375381361230446e-09	3.7378348e-05	0.00015169242	-0.9727453	-7.11e+11	0	0	-2.562935e-09	4.7662505e-09	0
7.385386371111833e-09	3.4443077e-05	0.00015052594	-0.97273284	-7.11e+11	0	0	-2.5031661e-09	4.741802e-09	0
7.39535460383192e-09	3.150799e-05	0.00014936272	-0.97272027	-7.11e+11	0	0	-2.4428177e-09	4.7174185e-09	0
7.405359632143972e-09	2.85491e-05	0.00014819019	-0.9727075	-7.11e+11	0	0	-2.381073e-09	4.6924935e-09	0
7.415364671753222e-09	2.5579768e-05	0.00014702324	-0.9726946	-7.11e+11	0	0	-2.3181763e-09	4.6675224e-09	0
7.425369725074002e-09	2.2600492e-05	0.00014585629	-0.9726814	-7.11e+11	0	0	-2.2549287e-09	4.6423567e-09	0
7.435374763939257e-09	1.9609211e-05	0.00014468655	-0.9726682	-7.11e+11	0	0	-2.1899567e-09	4.6168633e-09	0
7.445379821684008e-09	1.6606376e-05	0.00014351867	-0.9726547	-7.11e+11	0	0	-2.1243667e-09	4.5914192e-09	0
7.455384880034542e-09	1.35939445e-05	0.00014235266	-0.972641	-7.11e+11	0	0	-2.057991e-09	4.565552e-09	0
7.465353175303366e-09	1.0580633e-05	0.0001411913	-0.9726274	-7.11e+11	0	0	-1.990448e-09	4.5398028e-09	0
7.475358247449317e-09	7.5435223e-06	0.00014002807	-0.9726134	-7.11e+11	0	0	-1.9219437e-09	4.5136033e-09	0
7.485363307823741e-09	4.496089e-06	0.00013886485	-0.9725993	-7.11e+11	0	0	-1.8524475e-09	4.487373e-09	0
7.495368317755346e-09	1.4350426e-06	0.00013770536	-0.9725851	-7.11e+11	0	0	-1.7820893e-09	4.460865e-09	0
7.505373295582705e-09	-1.6400863e-06	0.00013655238	-0.9725707	-7.11e+11	0	0	-1.7113572e-09	4.4341926e-09	0
7.515378264192802e-09	-4.726913e-06	0.00013539521	-0.9725562	-7.11e+11	0	0	-1.6385803e-09	4.407444e-09	0
7.52538322255559e-09	-7.833196e-06	0.00013424549	-0.9725415	-7.11e+11	0	0	-1.5652923e-09	4.3804094e-09	0
7.535388151541497e-09	-1.0952545e-05	0.00013309065	-0.97252667	-7.11e+11	0	0	-1.4908752e-09	4.3534127e-09	0
7.545356294194565e-09	-1.4078282e-05	0.00013195258	-0.97251177	-7.11e+11	0	0	-1.4160003e-09	4.326187e-09	0
7.555361209501362e-09	-1.7237364e-05	0.00013080426	-0.9724967	-7.11e+11	0	0	-1.3399506e-09	4.2988435e-09	0
7.565366120156116e-09	-2.0414176e-05	0.00012966432	-0.97248137	-7.11e+11	0	0	-1.2625351e-09	4.2712975e-09	0
7.575371022486482e-09	-2.3616092e-05	0.00012852438	-0.972466	-7.11e+11	0	0	-1.1844941e-09	4.243675e-09	0
7.585375919908095e-09	-2.6837886e-05	0.00012738816	-0.9724504	-7.11e+11	0	0	-1.1049729e-09	4.215885e-09	0
7.595380799132652e-09	-3.0094528e-05	0.00012625661	-0.97243464	-7.11e+11	0	0	-1.0254821e-09	4.187885e-09	0
7.60538568321553e-09	-3.3371456e-05	0.00012512412	-0.97241884	-7.11e+11	0	0	-9.439773e-10	4.159874e-09	0
7.615353767122483e-09	-3.6674202e-05	0.0001240028	-0.97240293	-7.11e+11	0	0	-8.627777e-10	4.131592e-09	0
7.62535863463359e-09	-4.0017785e-05	0.0001228759	-0.9723867	-7.11e+11	0	0	-7.795258e-10	4.1033323e-09	0
7.635363489795336e-09	-4.3400847e-05	0.00012174994	-0.9723704	-7.11e+11	0	0	-6.957245e-10	4.074715e-09	0
7.645368338391006e-09	-4.6825156e-05	0.00012062956	-0.9723538	-7.11e+11	0	0	-6.109924e-10	4.0462416e-09	0
7.65537318703468e-09	-5.02912e-05	0.000119508244	-0.9723372	-7.11e+11	0	0	-5.25238e-10	4.017521e-09	0
7.665378029731592e-09	-5.380484e-05	0.00011839112	-0.97232026	-7.11e+11	0	0	-4.3795012e-10	3.988499e-09	0
7.675382875891324e-09	-5.7373112e-05	0.00011727214	-0.97230315	-7.11e+11	0	0	-3.5048675e-10	3.9595833e-09	0
7.685387712047543e-09	-6.0989514e-05	0.000116157345	-0.97228587	-7.11e+11	0	0	-2.6187896e-10	3.9302215e-09	0
7.695355765406413e-09	-6.4659995e-05	0.000115044415	-0.97226834	-7.11e+11	0	0	-1.7256928e-10	3.9011496e-09	0
7.70536059770536e-09	-6.8403635e-05	0.00011392683	-0.9722506	-7.11e+11	0	0	-8.2077026e-11	3.8714982e-09	0
7.715365438196134e-09	-7.221928e-05	0.0001128111	-0.9722325	-7.11e+11	0	0	1.0009766e-11	3.8420715e-09	0
7.725370260521831e-09	-7.610796e-05	0.00011169072	-0.9722142	-7.11e+11	0	0	1.023407e-10	3.81221e-09	0
7.735375090755204e-09	-8.007835e-05	0.00011057407	-0.97219557	-7.11e+11	0	0	1.9529724e-10	3.7821084e-09	0
7.745379916742698e-09	-8.4140825e-05	0.00010945089	-0.97217655	-7.11e+11	0	0	2.9016115e-10	3.7520294e-09	0
7.755384748125488e-09	-8.82897e-05	0.00010832399	-0.9721573	-7.11e+11	0	0	3.8586426e-10	3.7213745e-09	0
7.765352785439173e-09	-9.25277e-05	0.00010719802	-0.97213763	-7.11e+11	0	0	4.819336e-10	3.6909713e-09	0
7.775357616271958e-09	-9.6888674e-05	0.00010606367	-0.9721176	-7.11e+11	0	0	5.7902527e-10	3.6598358e-09	0
7.785362441618121e-09	-0.00010136683	0.000104922336	-0.9720969	-7.11e+11	0	0	6.771393e-10	3.6287497e-09	0
7.795367268623654e-09	-0.00010596589	0.00010377588	-0.9720758	-7.11e+11	0	0	7.76886e-10	3.5973016e-09	0
7.805372095189171e-09	-0.000110705645	0.0001026229	-0.9720543	-7.11e+11	0	0	8.7719726e-10	3.5654601e-09	0
7.815376927104954e-09	-0.000115583614	0.00010145828	-0.9720321	-7.11e+11	0	0	9.788208e-10	3.5335006e-09	0
7.825381755132274e-09	-0.00012061669	0.0001002755	-0.97200924	-7.11e+11	0	0	1.0807495e-09	3.5008965e-09	0
7.835386580174298e-09	-0.0001258137	9.9091325e-05	-0.97198576	-7.11e+11	0	0	1.1847991e-09	3.468216e-09	0
7.845354629756286e-09	-0.00013116907	9.789318e-05	-0.9719615	-7.11e+11	0	0	1.2885284e-09	3.434906e-09	0
7.855359456307837e-09	-0.00013672949	9.6673146e-05	-0.97193635	-7.11e+11	0	0	1.3944855e-09	3.4013556e-09	0
7.865364299480444e-09	-0.00014249193	9.543542e-05	-0.9719103	-7.11e+11	0	0	1.5011444e-09	3.3671455e-09	0
7.875369128728426e-09	-0.00014847197	9.417627e-05	-0.9718833	-7.11e+11	0	0	1.6086273e-09	3.3325234e-09	0
7.88537396595012e-09	-0.00015467845	9.28971e-05	-0.97185516	-7.11e+11	0	0	1.718338e-09	3.29739e-09	0
7.895378804755353e-09	-0.00016113157	9.159185e-05	-0.97182584	-7.11e+11	0	0	1.8283997e-09	3.261219e-09	0
7.905383647200552e-09	-0.00016784747	9.0254005e-05	-0.97179526	-7.11e+11	0	0	1.9393158e-09	3.22472e-09	0
7.915388487731854e-09	-0.00017484218	8.888915e-05	-0.97176313	-7.11e+11	0	0	2.052368e-09	3.187355e-09	0
7.925356544029452e-09	-0.00018210619	8.748891e-05	-0.97172976	-7.11e+11	0	0	2.1656799e-09	3.1493606e-09	0
7.935361385861611e-09	-0.00018971451	8.6046755e-05	-0.97169447	-7.11e+11	0	0	2.2809448e-09	3.1102563e-09	0
7.945366238096768e-09	-0.00019765747	8.4561296e-05	-0.97165734	-7.11e+11	0	0	2.3972473e-09	3.0701295e-09	0
7.95537108737044e-09	-0.0002059581	8.302927e-05	-0.9716183	-7.11e+11	0	0	2.5154265e-09	3.0290948e-09	0
7.965375940356415e-09	-0.0002146377	8.1441365e-05	-0.97157705	-7.11e+11	0	0	2.6344604e-09	2.9866525e-09	0
7.975380790423359e-09	-0.00022371556	7.979665e-05	-0.9715334	-7.11e+11	0	0	2.7559661e-09	2.9431457e-09	0
7.985385642569512e-09	-0.00023321647	7.809047e-05	-0.97148716	-7.11e+11	0	0	2.8782958e-09	2.8981324e-09	0
7.9953537149242e-09	-0.00024312468	7.631816e-05	-0.97143835	-7.11e+11	0	0	3.002365e-09	2.8517646e-09	0
8.00535857588523e-09	-0.00025352993	7.446483e-05	-0.9713864	-7.11e+11	0	0	3.1282654e-09	2.8034552e-09	0
8.015363423610168e-09	-0.00026442215	7.252721e-05	-0.9713311	-7.11e+11	0	0	3.255829e-09	2.753418e-09	0
8.025368283081103e-09	-0.0002758157	7.0498325e-05	-0.97127247	-7.11e+11	0	0	3.3856506e-09	2.7013893e-09	0
8.035373139618473e-09	-0.00028772268	6.837677e-05	-0.97120994	-7.11e+11	0	0	3.5177612e-09	2.6467935e-09	0
8.045378003354748e-09	-0.00030016276	6.615091e-05	-0.97114354	-7.11e+11	0	0	3.6515961e-09	2.5901565e-09	0
8.05538286741957e-09	-0.00031312814	6.38105e-05	-0.97107303	-7.11e+11	0	0	3.7874908e-09	2.5309372e-09	0
8.065387723301249e-09	-0.00032662525	6.135926e-05	-0.97099805	-7.11e+11	0	0	3.9260866e-09	2.4688989e-09	0
8.075355808091135e-09	-0.00034058228	5.879253e-05	-0.97091895	-7.11e+11	0	0	4.066284e-09	2.4038695e-09	0
8.085360661208793e-09	-0.00035507523	5.609356e-05	-0.970835	-7.11e+11	0	0	4.2101593e-09	2.3356208e-09	0
8.095365524869086e-09	-0.00037001944	5.3261407e-05	-0.9707462	-7.11e+11	0	0	4.35672e-09	2.2636681e-09	0
8.105370384308252e-09	-0.00038534575	5.0314702e-05	-0.9706529	-7.11e+11	0	0	4.5050204e-09	2.1878053e-09	0
8.115375241911553e-09	-0.00040098617	4.7232024e-05	-0.97055525	-7.11e+11	0	0	4.6572723e-09	2.1080475e-09	0
8.12538009233607e-09	-0.0004168274	4.403852e-05	-0.97045356	-7.11e+11	0	0	4.812546e-09	2.0239905e-09	0
8.135384957970065e-09	-0.00043275114	4.0737912e-05	-0.97034824	-7.11e+11	0	0	4.9704134e-09	1.9357682e-09	0
8.145353030201788e-09	-0.00044854975	3.735535e-05	-0.9702406	-7.11e+11	0	0	5.130768e-09	1.8431702e-09	0
8.155357880631416e-09	-0.0004641744	3.388431e-05	-0.9701308	-7.11e+11	0	0	5.2944946e-09	1.7457656e-09	0
8.165362733960346e-09	-0.00047938092	3.035739e-05	-0.9700203	-7.11e+11	0	0	5.461746e-09	1.6436768e-09	0
8.175367580894851e-09	-0.0004939901	2.6798807e-05	-0.9699103	-7.11e+11	0	0	5.631958e-09	1.5368614e-09	0
8.185372415755716e-09	-0.0005078091	2.322346e-05	-0.9698024	-7.11e+11	0	0	5.804474e-09	1.4258118e-09	0
8.195377001461485e-09	-0.0005206796	1.9650906e-05	-0.9696981	-7.11e+11	0	0	5.9795533e-09	1.3105316e-09	0
8.205381590601065e-09	-0.00053245464	1.6108155e-05	-0.96959877	-7.11e+11	0	0	6.1574705e-09	1.1915741e-09	0
8.215386162214618e-09	-0.00054304086	1.2601726e-05	-0.96950567	-7.11e+11	0	0	6.338257e-09	1.0691986e-09	0
8.225353919651802e-09	-0.00055234047	9.156764e-06	-0.96942025	-7.11e+11	0	0	6.5198975e-09	9.446144e-10	0
8.235358465613967e-09	-0.00056041277	5.7555735e-06	-0.9693426	-7.11e+11	0	0	6.7044374e-09	8.171654e-10	0
8.24536297518249e-09	-0.0005672534	2.42237e-06	-0.96927345	-7.11e+11	0	0	6.890457e-09	6.882553e-10	0
8.255367480663475e-09	-0.0005729371	-8.502975e-07	-0.9692129	-7.11e+11	0	0	7.0790254e-09	5.583687e-10	0
8.265371970701737e-09	-0.000577557	-4.05591e-06	-0.9691606	-7.11e+11	0	0	7.2687225e-09	4.281044e-10	0
8.27537641954232e-09	-0.0005812493	-7.200986e-06	-0.96911615	-7.11e+11	0	0	7.4609225e-09	2.9820632e-10	0
8.285380874727364e-09	-0.0005841368	-1.0283664e-05	-0.9690785	-7.11e+11	0	0	7.65422e-09	1.6897202e-10	0
8.295385324663036e-09	-0.0005863649	-1.3306737e-05	-0.96904707	-7.11e+11	0	0	7.849243e-09	4.1110993e-11	0
8.305352965083134e-09	-0.00058805436	-1.6271137e-05	-0.9690207	-7.11e+11	0	0	8.044831e-09	-8.465576e-11	0
8.315357367776385e-09	-0.0005893378	-1.919549e-05	-0.9689984	-7.11e+11	0	0	8.243347e-09	-2.090721e-10	0
8.325361761169561e-09	-0.0005903158	-2.2089109e-05	-0.9689791	-7.11e+11	0	0	8.443405e-09	-3.3125497e-10	0
8.335366142344022e-09	-0.00059106963	-2.4951063e-05	-0.96896213	-7.11e+11	0	0	8.644928e-09	-4.510803e-10	0
8.345370512984368e-09	-0.0005916711	-2.7795322e-05	-0.9689466	-7.11e+11	0	0	8.848984e-09	-5.6863975e-10	0
8.35537487183854e-09	-0.0005921661	-3.0634925e-05	-0.9689319	-7.11e+11	0	0	9.054962e-09	-6.8400763e-10	0
8.36537918693888e-09	-0.00059258845	-3.347546e-05	-0.9689176	-7.11e+11	0	0	9.262375e-09	-7.9709433e-10	0
8.375383497826583e-09	-0.0005929531	-3.6332756e-05	-0.96890324	-7.11e+11	0	0	9.47229e-09	-9.08165e-10	0
8.385387794570047e-09	-0.0005932681	-3.9225444e-05	-0.9688889	-7.11e+11	0	0	9.6843715e-09	-1.0172596e-09	0
8.395355308271698e-09	-0.0005935285	-4.2141415e-05	-0.96887445	-7.11e+11	0	0	9.896957e-09	-1.1244774e-09	0
8.405359573503842e-09	-0.0005937253	-4.513003e-05	-0.9688599	-7.11e+11	0	0	1.0112945e-08	-1.2307357e-09	0
8.415363817779211e-09	-0.0005938518	-4.8184767e-05	-0.96884555	-7.11e+11	0	0	1.0330703e-08	-1.3360557e-09	0
8.425368055253687e-09	-0.0005938901	-5.132798e-05	-0.9688316	-7.11e+11	0	0	1.0550338e-08	-1.440712e-09	0
8.435372274705338e-09	-0.00059383165	-5.4568052e-05	-0.96881855	-7.11e+11	0	0	1.0772568e-08	-1.544899e-09	0
