# t (s)	mx ()	my ()	mz ()	E_total (J)	E_Zeeman (J)	a1 (rad)	a2 (rad)	a3 (rad)	a4 (rad)	m.region1x ()	m.region1y ()	m.region1z ()	m.region2x ()	m.region2y ()	m.region2z ()	m.region3x ()	m.region3y ()	m.region3z ()	m.region4x ()	m.region4y ()	m.region4z ()	roundness ()	size (m)	Cell_size (m)
0	0.8482871	0.39669496	0	3.2114824e-18	-0	0.7853982	0	0	0.7853982	0.71009123	0.69009775	0	0.9878511	0.10038721	0	0.9878511	0.10038719	0	0.7100913	0.69009775	0	0.66	100	2e-09
0	0.28688335	0.51192635	0	3.1629418e-18	-0	0.7853982	0	0	2.3561945	0.81752723	0.5595836	0	0.96720666	-0.22760576	0	0.04565575	0.9913515	0	-0.67855126	0.721826	0	0.66	100	2e-09
0	0.217096	-0.19212687	0	3.1334028e-18	-0	0.7853982	0	0	3.9269907	0.7657034	0.6283316	0	-0.14213318	-0.98268145	0	0.95451385	0.2775781	0	-0.7059923	-0.69488126	0	0.66	100	2e-09
0	0.8730935	-4.5951364e-08	0	3.2382312e-18	-0	0.7853982	0	0	5.497787	0.7541783	0.6415673	0	0.99289995	-1.6782248e-08	0	0.99347204	-1.2453904e-07	0	0.75417835	-0.6415673	0	0.66	100	2e-09
0	0.61318713	0.6150684	0	3.2225666e-18	-0	0.7853982	0	1.5707964	0.7853982	0.78029305	0.6099478	0	0.9923534	0.034669038	0	0.13807012	0.98353326	0	0.5410914	0.83004564	0	0.66	100	2e-09
0	0.28682402	0.5117831	0	3.1629418e-18	-0	0.7853982	0	1.5707964	2.3561945	0.81764406	0.559415	0	0.96712244	-0.22797613	0	0.045431193	0.9913616	0	-0.6785988	0.72178125	0	0.66	100	2e-09
0	-0.2172354	0.19209936	0	3.1334028e-18	-0	0.7853982	0	1.5707964	3.9269907	0.7060943	0.69477767	0	-0.9544543	-0.27779037	0	0.14150721	0.9827697	0	-0.7657995	-0.62821466	0	0.66	100	2e-09
0	0.87320673	-0.0002272571	0	3.2382316e-18	-0	0.7853982	0	1.5707964	5.497787	0.7545651	0.64111406	0	0.99290013	-0.00064821745	0	0.99347204	0.00011650386	0	0.7542425	-0.6414922	0	0.66	100	2e-09
0	0.34155864	0.4179462	0	3.3097095e-18	-0	0.7853982	0	3.1415927	0.7853982	0.8152353	0.5627036	0	0.9913645	0.055239063	0	-0.97084075	0.20685063	0	0.5239795	0.8413662	0	0.66	100	2e-09
0	0.2866469	0.51127994	0	3.1629416e-18	-0	0.7853982	0	3.1415927	2.3561945	0.817968	0.5589474	0	0.9668102	-0.22934301	0	0.04492358	0.9913841	0	-0.6788159	0.7215772	0	0.66	100	2e-09
0	3.5234273e-09	-7.0468547e-09	0	3.1088245e-18	-0	0.7853982	0	3.1415927	3.9269907	0.81181896	0.56826955	0	-0.16341698	-0.979365	0	0.16341697	0.97936493	0	-0.8118189	-0.5682696	0	0.66	100	2e-09
0	0.43721452	-3.8170462e-08	0	3.4987825e-18	-0	0.7853982	0	3.1415927	5.497787	0.8696123	0.47561532	0	0.9929403	-8.097896e-08	0	-0.99186903	4.1918735e-08	0	0.8696122	-0.47561547	0	0.66	100	2e-09
0	0.66471297	0.14476126	0	3.294155e-18	-0	0.7853982	0	4.712389	0.7853982	0.68869114	0.7113971	0	0.98013616	0.15863529	0	0.2500187	-0.96104175	0	0.739033	0.6593492	0	0.66	100	2e-09
0	0.32252923	0.10976947	0	3.3953427e-18	-0	0.7853982	0	4.712389	2.3561945	0.7383548	0.6597691	0	0.98939574	-0.083011694	0	0.09914929	-0.9859296	0	-0.532435	0.8356179	0	0.66	100	2e-09
0	0.21714374	-0.1922106	0	3.133403e-18	-0	0.7853982	0	4.712389	3.9269907	0.7656264	0.628425	0	-0.14203042	-0.98269606	0	0.9546107	0.27723292	0	-0.7059229	-0.6949516	0	0.66	100	2e-09
0	0.87320673	0.00035154173	0	3.2382316e-18	-0	0.7853982	0	4.712389	5.497787	0.7541521	0.641598	0	0.99289966	0.0010044464	0	0.99347204	-0.00018694489	0	0.7546555	-0.6410082	0	0.66	100	2e-09
0	0.613174	0.6150801	0	3.222566e-18	-0	0.7853982	1.5707964	0	0.7853982	0.5412524	0.8299391	0	0.13790606	0.98355556	0	0.9923508	0.034739926	0	0.7802449	0.6100089	0	0.66	100	2e-09
0	0.23450361	0.73726636	0	3.3145233e-18	-0	0.7853982	1.5707964	0	2.3561945	0.5854454	0.79905254	0	0.078181796	0.98993284	0	0.9114216	0.39688268	0	-0.6319305	0.7623375	0	0.66	100	2e-09
0	5.2165367e-05	-0.00015855246	0	3.1549086e-18	-0	0.7853982	1.5707964	0	3.9269907	0.6406169	0.75561297	0	-0.96700716	-0.22874972	0	0.96713716	0.2281803	0	-0.6405381	-0.75568026	0	0.66	100	2e-09
0	0.54972225	0.27907848	0	3.2063342e-18	-0	0.7853982	1.5707964	0	5.497787	0.5468351	0.8261357	0	-0.093740076	0.9884448	0	0.992223	-0.049477383	0	0.7516007	-0.64505565	0	0.66	100	2e-09
0	0.37152174	0.87577194	0	3.2445001e-18	-0	0.7853982	1.5707964	1.5707964	0.7853982	0.62764853	0.76593584	0	0.11285908	0.98669577	0	0.11285908	0.98669577	0	0.6276486	0.76593584	0	0.66	100	2e-09
0	-5.1676935e-08	0.8725917	0	3.2373978e-18	-0	0.7853982	1.5707964	1.5707964	2.3561945	0.64226836	0.75368434	0	-9.691287e-08	0.99286544	0	-4.555182e-08	0.9924874	0	-0.6422685	0.7536842	0	0.66	100	2e-09
0	-5.9125457e-05	3.9396433e-05	0	3.1088247e-18	-0	0.7853982	1.5707964	1.5707964	3.9269907	0.8115055	0.56871283	0	-0.16405287	-0.9792612	0	0.16391082	0.97928447	0	-0.8116002	-0.56857896	0	0.66	100	2e-09
0	0.54962915	0.2790939	0	3.2063347e-18	-0	0.7853982	1.5707964	1.5707964	5.497787	0.54702723	0.82600677	0	-0.09414095	0.98840755	0	0.9922446	-0.049028307	0	0.7514135	-0.64527327	0	0.66	100	2e-09
0	0.0654351	0.66349244	0	3.299206e-18	-0	0.7853982	1.5707964	3.1415927	0.7853982	0.6024756	0.7859441	0	0.016512787	0.9927584	0	-0.9871974	0.099488445	0	0.6191499	0.7734772	0	0.66	100	2e-09
0	-0.23450388	0.7372662	0	3.314523e-18	-0	0.7853982	1.5707964	3.1415927	2.3561945	0.63193035	0.7623377	0	-0.0781822	0.98993284	0	-0.9114219	0.39688212	0	-0.58544546	0.79905254	0	0.66	100	2e-09
0	-0.21736778	0.1922506	0	3.1334028e-18	-0	0.7853982	1.5707964	3.1415927	3.9269907	0.7060298	0.69484323	0	-0.9545772	-0.2773521	0	0.14121427	0.9828109	0	-0.76585	-0.628153	0	0.66	100	2e-09
0	0.06102506	0.28172868	0	3.4267835e-18	-0	0.7853982	1.5707964	3.1415927	5.497787	0.6035691	0.78496724	0	-0.22438923	0.96759564	0	-0.98748857	-0.09516286	0	0.83933115	-0.5274561	0	0.66	100	2e-09
0	0.36255947	0.37720516	0	3.270069e-18	-0	0.7853982	1.5707964	4.712389	0.7853982	0.43006173	0.8934927	0	0.048280146	0.99166703	0	0.17377669	-0.9774184	0	0.79318744	0.59382284	0	0.66	100	2e-09
0	-8.045159e-08	0.4398972	0	3.4227592e-18	-0	0.7853982	1.5707964	4.712389	2.3561945	0.46670815	0.87454206	0	-1.3442397e-07	0.9930329	0	5.1047543e-08	-0.9911348	0	-0.46670836	0.87454194	0	0.66	100	2e-09
0	-9.1021874e-09	1.2331996e-08	0	3.1549088e-18	-0	0.7853982	1.5707964	4.712389	3.9269907	0.6404521	0.75575334	0	-0.9671568	-0.22809497	0	0.9671568	0.228095	0	-0.6404521	-0.7557532	0	0.66	100	2e-09
0	0.5493311	0.2790191	0	3.2063344e-18	-0	0.7853982	1.5707964	4.712389	5.497787	0.54623	0.82654154	0	-0.09463084	0.98836195	0	0.9921979	-0.049990375	0	0.7515561	-0.6451081	0	0.66	100	2e-09
0	0.34154737	0.41788653	0	3.3097089e-18	-0	0.7853982	3.1415927	0	0.7853982	0.5240728	0.84130734	0	-0.97092205	0.2064545	0	0.9913565	0.055383146	0	0.8151857	0.5627745	0	0.66	100	2e-09
0	-0.28665948	0.51141065	0	3.1629418e-18	-0	0.7853982	3.1415927	0	2.3561945	0.678727	0.7216609	0	-0.9668992	-0.22895451	0	-0.04482859	0.9913884	0	-0.8179351	0.5589949	0	0.66	100	2e-09
0	-4.697903e-09	5.2851408e-09	0	3.154909e-18	-0	0.7853982	3.1415927	0	3.9269907	0.6404557	0.7557502	0	-0.9671586	-0.22808683	0	0.9671586	0.22808681	0	-0.6404558	-0.7557502	0	0.66	100	2e-09
0	0.29357854	1.8351184e-08	0	3.1804249e-18	-0	0.7853982	3.1415927	0	5.497787	0.5839304	0.80042803	0	-0.9926888	1.8097165e-07	0	0.99339277	-1.6362692e-07	0	0.5839304	-0.80042803	0	0.66	100	2e-09
0	0.06544395	0.6634096	0	3.299206e-18	-0	0.7853982	3.1415927	1.5707964	0.7853982	0.6191893	0.77344567	0	-0.98722935	0.09915956	0	0.016578097	0.99275744	0	0.60243833	0.78597295	0	0.66	100	2e-09
0	-0.28682318	0.5117837	0	3.1629418e-18	-0	0.7853982	3.1415927	1.5707964	2.3561945	0.6785992	0.72178096	0	-0.96712214	-0.22797704	0	-0.045431256	0.9913616	0	-0.81764156	0.5594187	0	0.66	100	2e-09
0	-0.21729997	0.19236043	0	3.1334028e-18	-0	0.7853982	3.1415927	1.5707964	3.9269907	0.7058757	0.6949995	0	-0.9547247	-0.27682564	0	0.14163938	0.98275125	0	-0.7657008	-0.6283343	0	0.66	100	2e-09
0	0.14427158	0.18542238	0	3.2543692e-18	-0	0.7853982	3.1415927	1.5707964	5.497787	0.6628872	0.73607844	0	-0.9907496	-0.06282246	0	0.38055265	0.9194311	0	0.5155848	-0.84623516	0	0.66	100	2e-09
0	-0.18940619	0.46119645	0	3.3336952e-18	-0	0.7853982	3.1415927	3.1415927	0.7853982	0.5973156	0.7904214	0	-0.9839173	0.12871182	0	-0.98391724	0.1287118	0	0.5973156	0.7904214	0	0.66	100	2e-09
0	-0.28683066	0.5117912	0	3.1629418e-18	-0	0.7853982	3.1415927	3.1415927	2.3561945	0.6786048	0.7217757	0	-0.9671238	-0.22797075	0	-0.0454873	0.991359	0	-0.81762	0.5594499	0	0.66	100	2e-09
0	-0.2173607	0.19222088	0	3.1334026e-18	-0	0.7853982	3.1415927	3.1415927	3.9269907	0.7060545	0.694818	0	-0.95454633	-0.27746224	0	0.14119838	0.98281306	0	-0.76586145	-0.62813914	0	0.66	100	2e-09
0	-0.16226536	2.8774656e-08	0	3.3697421e-18	-0	0.7853982	3.1415927	3.1415927	5.497787	0.6596366	0.73882854	0	-0.9926477	1.3560425e-07	0	-0.99196225	-3.2448753e-08	0	0.6596366	-0.7388285	0	0.66	100	2e-09
0	0.09000771	0.1907476	0	3.3412712e-18	-0	0.7853982	3.1415927	4.712389	0.7853982	0.39407495	0.90963656	0	-0.95618135	0.2682199	0	0.09565176	-0.9877725	0	0.816284	0.562112	0	0.66	100	2e-09
0	-0.32254001	0.1097732	0	3.3953427e-18	-0	0.7853982	3.1415927	4.712389	2.3561945	0.5324392	0.8356152	0	-0.9893962	-0.08300708	0	-0.0992034	-0.9859243	0	-0.7383478	0.6597768	0	0.66	100	2e-09
0	5.853587e-06	-1.7097946e-05	0	3.1549086e-18	-0	0.7853982	3.1415927	4.712389	3.9269907	0.6404684	0.7557393	0	-0.9671461	-0.2281424	0	0.96715975	0.22808196	0	-0.6404589	-0.7557476	0	0.66	100	2e-09
0	0.14427406	-0.18542194	0	3.2543694e-18	-0	0.7853982	3.1415927	4.712389	5.497787	0.51558584	0.84623456	0	-0.9907496	0.06282173	0	0.38056254	-0.91942716	0	0.6628862	-0.73607934	0	0.66	100	2e-09
0	0.66471803	0.14476594	0	3.2941554e-18	-0	0.7853982	4.712389	0	0.7853982	0.7390363	0.6593454	0	0.25004324	-0.9610355	0	0.9801345	0.15864584	0	0.6886852	0.7114031	0	0.66	100	2e-09
0	9.600928e-05	0.2915642	0	3.1035411e-18	-0	0.7853982	4.712389	0	2.3561945	0.80305433	0.5805387	0	8.751256e-05	-0.992717	0	0.00040238787	0.9923164	0	-0.8031573	0.58039784	0	0.66	100	2e-09
0	0.2173017	-0.1923607	0	3.1334026e-18	-0	0.7853982	4.712389	0	3.9269907	0.76570195	0.628333	0	-0.14163229	-0.9827522	0	0.9547247	0.27682555	0	-0.70587695	-0.6949982	0	0.66	100	2e-09
0	0.54984736	-0.27909532	0	3.2063344e-18	-0	0.7853982	4.712389	0	5.497787	0.75165963	0.64498717	0	-0.09340637	-0.9884757	0	0.992225	0.049437206	0	0.54694206	-0.8260639	0	0.66	100	2e-09
0	0.36254355	0.3772117	0	3.270069e-18	-0	0.7853982	4.712389	1.5707964	0.7853982	0.7931894	0.5938202	0	0.17378272	-0.97741747	0	0.048263464	0.99166775	0	0.4300068	0.89351976	0	0.66	100	2e-09
0	9.983044e-09	0.29166663	0	3.1035411e-18	-0	0.7853982	4.712389	1.5707964	2.3561945	0.8029573	0.58067197	0	4.149457e-08	-0.9927171	0	-4.293305e-08	0.99231666	0	-0.8029572	0.5806721	0	0.66	100	2e-09
0	1.1744757e-08	-9.395806e-09	0	3.108825e-18	-0	0.7853982	4.712389	1.5707964	3.9269907	0.811713	0.5684194	0	-0.16356944	-0.9793402	0	0.16356947	0.9793402	0	-0.811713	-0.5684194	0	0.66	100	2e-09
0	0.5493225	-0.2790136	0	3.2063349e-18	-0	0.7853982	4.712389	1.5707964	5.497787	0.7515585	0.6451052	0	-0.094647415	-0.98836046	0	0.992196	0.050026786	0	0.54621094	-0.8265544	0	0.66	100	2e-09
0	0.08997191	0.19077966	0	3.3412712e-18	-0	0.7853982	4.712389	3.1415927	0.7853982	0.8162828	0.56211364	0	0.09564421	-0.9877733	0	-0.9561644	0.26828203	0	0.39392442	0.90970165	0	0.66	100	2e-09
0	-9.511727e-05	0.29156432	0	3.1035411e-18	-0	0.7853982	4.712389	3.1415927	2.3561945	0.80315673	0.5803986	0	-8.4066065e-05	-0.992717	0	-0.00040139214	0.99231654	0	-0.80305463	0.5805383	0	0.66	100	2e-09
0	-0.00010830399	3.567118e-05	0	3.1088247e-18	-0	0.7853982	4.712389	3.1415927	3.9269907	0.8116767	0.568471	0	-0.16388717	-0.9792882	0	0.16350935	0.9793501	0	-0.8117337	-0.56839013	0	0.66	100	2e-09
0	0.06101757	-0.28171542	0	3.4267828e-18	-0	0.7853982	4.712389	3.1415927	5.497787	0.8393266	0.5274631	0	-0.22440565	-0.9675918	0	-0.9874835	0.09521639	0	0.60355514	-0.7849781	0	0.66	100	2e-09
0	0.4485733	-0.14831571	0	3.3760171e-18	-0	0.7853982	4.712389	4.712389	0.7853982	0.72637284	0.67319167	0	0.1680233	-0.9779569	0	0.16802329	-0.9779569	0	0.72637296	0.6731917	0	0.66	100	2e-09
0	2.1140563e-08	-0.16270132	0	3.3678425e-18	-0	0.7853982	4.712389	4.712389	2.3561945	0.74021536	0.6580197	0	3.0724426e-08	-0.9926201	0	8.638247e-08	-0.9904765	0	-0.74021536	0.65801966	0	0.66	100	2e-09
0	0.21728563	-0.1923587	0	3.1334028e-18	-0	0.7853982	4.712389	4.712389	3.9269907	0.76568544	0.62835306	0	-0.14169219	-0.98274374	0	0.954728	0.27681375	0	-0.70586824	-0.695007	0	0.66	100	2e-09
0	0.54962695	-0.27910492	0	3.2063344e-18	-0	0.7853982	4.712389	4.712389	5.497787	0.7514186	0.6452673	0	-0.09413832	-0.9884078	0	0.9922458	0.049002193	0	0.5470096	-0.8260187	0	0.66	100	2e-09
0	0.28672	0.5115794	0	3.1629416e-18	-0	2.3561945	0	0	0.7853982	-0.6786669	0.7217175	0	0.045050815	0.9913786	0	0.9669978	-0.22852299	0	0.81779826	0.5591925	0	0.66	100	2e-09
0	0.18940543	0.4611981	0	3.3336946e-18	-0	2.3561945	0	0	2.3561945	-0.59731656	0.79042083	0	0.9839169	0.12871584	0	0.98391676	0.12871587	0	-0.59731656	0.7904208	0	0.66	100	2e-09
0	0.16230406	-3.87577e-08	0	3.3697421e-18	-0	2.3561945	0	0	3.9269907	-0.6595596	0.73889726	0	0.99196225	-2.6740945e-09	0	0.9926477	-1.1843473e-07	0	-0.6595596	-0.73889744	0	0.66	100	2e-09
0	0.21714027	0.19218265	0	3.1334026e-18	-0	2.3561945	0	0	5.497787	-0.7059485	0.6949257	0	-0.14200753	0.98269933	0	0.95457834	-0.277348	0	0.76564735	-0.62839955	0	0.66	100	2e-09
0	0.23450533	0.73726314	0	3.314523e-18	-0	2.3561945	0	1.5707964	0.7853982	-0.6319295	0.7623383	0	0.91142815	0.39686736	0	0.07818265	0.9899328	0	0.58544403	0.7990535	0	0.66	100	2e-09
0	-0.065437086	0.66348666	0	3.2992062e-18	-0	2.3561945	0	1.5707964	2.3561945	-0.6024786	0.7859417	0	0.9871992	0.09947067	0	-0.016515981	0.9927584	0	-0.6191533	0.7734745	0	0.66	100	2e-09
0	-0.061061557	0.28174832	0	3.4267833e-18	-0	2.3561945	0	1.5707964	3.9269907	-0.60364264	0.7849101	0	0.9874992	-0.09504883	0	0.22430898	0.9676139	0	-0.83933395	-0.5274517	0	0.66	100	2e-09
0	0.21734862	0.19219074	0	3.1334028e-18	-0	2.3561945	0	1.5707964	5.497787	-0.7060763	0.694796	0	-0.14120129	0.98281264	0	0.95451665	-0.27756786	0	0.7658673	-0.6281321	0	0.66	100	2e-09
0	-0.28666425	0.51141876	0	3.162942e-18	-0	2.3561945	0	3.1415927	0.7853982	-0.81790775	0.5590344	0	-0.0448815	0.99138606	0	-0.96689945	-0.22895332	0	0.6787333	0.72165495	0	0.66	100	2e-09
0	-0.34154716	0.4178863	0	3.3097089e-18	-0	2.3561945	0	3.1415927	2.3561945	-0.8151847	0.56277585	0	0.970923	0.20644996	0	-0.99135625	0.055386007	0	-0.524074	0.8413065	0	0.66	100	2e-09
0	-0.43719658	2.0259707e-08	0	3.4987825e-18	-0	2.3561945	0	3.1415927	3.9269907	-0.8695766	0.47567913	0	0.99186903	-7.51605e-08	0	-0.9929403	1.02832765e-07	0	-0.8695766	-0.4756791	0	0.66	100	2e-09
0	1.2331996e-08	1.5268185e-08	0	3.108825e-18	-0	2.3561945	0	3.1415927	5.497787	-0.81183547	0.5682461	0	-0.16338043	0.979371	0	0.16338046	-0.979371	0	0.8118356	-0.5682461	0	0.66	100	2e-09
0	9.432068e-05	0.29156405	0	3.1035411e-18	-0	2.3561945	0	4.712389	0.7853982	-0.80315703	0.58039826	0	0.0003939065	0.9923164	0	8.818244e-05	-0.992717	0	0.80305517	0.5805376	0	0.66	100	2e-09
0	-0.08997209	0.19077948	0	3.341271e-18	-0	2.3561945	0	4.712389	2.3561945	-0.81628275	0.56211376	0	0.95616454	0.2682815	0	-0.09564417	-0.9877733	0	-0.3939253	0.9097012	0	0.66	100	2e-09
0	-0.061037656	-0.2817317	0	3.4267826e-18	-0	2.3561945	0	4.712389	3.9269907	-0.83933055	0.52745706	0	0.987491	0.09513566	0	0.22436172	-0.96760184	0	-0.6035952	-0.784947	0	0.66	100	2e-09
0	9.89603e-05	3.5945126e-05	0	3.1088247e-18	-0	2.3561945	0	4.712389	5.497787	-0.81168425	0.5684602	0	-0.16351683	0.9793487	0	0.16385123	-0.9792942	0	0.811747	-0.5683712	0	0.66	100	2e-09
0	0.2868238	0.51178604	0	3.1629418e-18	-0	2.3561945	1.5707964	0	0.7853982	-0.6785979	0.72178215	0	0.04543139	0.9913616	0	0.96712387	-0.22797014	0	0.817641	0.5594196	0	0.66	100	2e-09
0	-0.06544343	0.663468	0	3.2992055e-18	-0	2.3561945	1.5707964	0	2.3561945	-0.61916465	0.77346545	0	-0.016526485	0.9927583	0	0.9872049	0.099412106	0	-0.6024878	0.7859346	0	0.66	100	2e-09
0	-0.14427067	0.18542223	0	3.2543692e-18	-0	2.3561945	1.5707964	0	3.9269907	-0.6628876	0.73607814	0	-0.38054937	0.91943246	0	0.9907495	-0.06282355	0	-0.515584	-0.8462357	0	0.66	100	2e-09
0	0.21730158	0.1923594	0	3.1334028e-18	-0	2.3561945	1.5707964	0	5.497787	-0.70587826	0.69499695	0	-0.14163062	0.9827524	0	0.9547233	-0.27683043	0	0.7657025	-0.62833226	0	0.66	100	2e-09
0	-2.9361894e-08	0.8725513	0	3.2373978e-18	-0	2.3561945	1.5707964	1.5707964	0.7853982	-0.6423622	0.753604	0	-3.769551e-08	0.9924874	0	-9.15278e-08	0.99286544	0	0.64236224	0.75360405	0	0.66	100	2e-09
0	-0.37145478	0.8757906	0	3.2445001e-18	-0	2.3561945	1.5707964	1.5707964	2.3561945	-0.62761766	0.7659613	0	-0.112755634	0.98670727	0	-0.11275566	0.9867073	0	-0.62761766	0.76596135	0	0.66	100	2e-09
0	-0.54961646	0.2791079	0	3.2063342e-18	-0	2.3561945	1.5707964	1.5707964	3.9269907	-0.5469751	0.8260417	0	-0.9922449	-0.049021777	0	0.094153054	0.9884065	0	-0.7514269	-0.64525783	0	0.66	100	2e-09
0	0.21728712	0.19236135	0	3.1334032e-18	-0	2.3561945	1.5707964	1.5707964	5.497787	-0.7058667	0.6950087	0	-0.14169018	0.98274404	0	0.9547305	-0.27680498	0	0.76568544	-0.6283531	0	0.66	100	2e-09
0	-0.2868234	0.51178414	0	3.1629416e-18	-0	2.3561945	1.5707964	3.1415927	0.7853982	-0.81764185	0.5594184	0	-0.04543112	0.99136156	0	-0.9671227	-0.22797534	0	0.67859894	0.7217812	0	0.66	100	2e-09
0	-0.6131715	0.61508584	0	3.2225664e-18	-0	2.3561945	1.5707964	3.1415927	2.3561945	-0.78023934	0.61001587	0	-0.13788648	0.9835582	0	-0.99235004	0.034763683	0	-0.5412681	0.8299287	0	0.66	100	2e-09
0	-0.8732067	-0.00022795804	0	3.238232e-18	-0	2.3561945	1.5707964	3.1415927	3.9269907	-0.7545662	0.6411128	0	-0.99347204	0.00012042104	0	-0.99289995	-0.00065183255	0	-0.754241	-0.641494	0	0.66	100	2e-09
0	-0.00011001197	-3.6445745e-05	0	3.1088245e-18	-0	2.3561945	1.5707964	3.1415927	5.497787	-0.81173617	0.5683866	0	-0.16388617	0.9792884	0	0.16350308	-0.9793511	0	0.8116775	-0.5684697	0	0.66	100	2e-09
0	1.2331996e-08	0.29171094	0	3.103541e-18	-0	2.3561945	1.5707964	4.712389	0.7853982	-0.80289286	0.58076036	0	-4.4482178e-08	0.9923166	0	3.8211887e-08	-0.9927171	0	0.80289286	0.5807603	0	0.66	100	2e-09
0	-0.36251944	0.3772194	0	3.2700691e-18	-0	2.3561945	1.5707964	4.712389	2.3561945	-0.7931897	0.5938198	0	-0.048240386	0.99166876	0	-0.17377375	-0.977419	0	-0.42994246	0.8935514	0	0.66	100	2e-09
0	-0.5492752	-0.27909607	0	3.2063347e-18	-0	2.3561945	1.5707964	4.712389	3.9269907	-0.75148153	0.64519453	0	-0.9922182	0.049574558	0	0.09480495	-0.98834574	0	-0.5462342	-0.82653886	0	0.66	100	2e-09
0	1.7617136e-08	1.9085231e-08	0	3.1088247e-18	-0	2.3561945	1.5707964	4.712389	5.497787	-0.81172323	0.568405	0	-0.1635664	0.97934073	0	0.16356644	-0.9793407	0	0.8117233	-0.5684049	0	0.66	100	2e-09
0	0.2867257	0.5113814	0	3.1629418e-18	-0	2.3561945	3.1415927	0	0.7853982	-0.67882794	0.72156584	0	0.04537139	0.9913641	0	0.96685624	-0.22914203	0	0.81780475	0.55918324	0	0.66	100	2e-09
0	-0.34155834	0.41794512	0	3.3097097e-18	-0	2.3561945	3.1415927	0	2.3561945	-0.5239819	0.84136456	0	-0.9913643	0.055243883	0	0.9708428	0.20684068	0	-0.8152339	0.56270564	0	0.66	100	2e-09
0	-0.29357868	-1.4680947e-10	0	3.1804249e-18	-0	2.3561945	3.1415927	0	3.9269907	-0.5839307	0.80042785	0	-0.99339277	1.4711209e-07	0	0.9926888	-1.4827393e-07	0	-0.58393073	-0.80042773	0	0.66	100	2e-09
0	9.689425e-09	1.2331996e-08	0	3.1549084e-18	-0	2.3561945	3.1415927	0	5.497787	-0.6404584	0.755748	0	-0.9671564	0.22809644	0	0.9671564	-0.22809643	0	0.6404585	-0.7557479	0	0.66	100	2e-09
0	-0.23450536	0.737263	0	3.314523e-18	-0	2.3561945	3.1415927	1.5707964	0.7853982	-0.58544403	0.79905355	0	-0.91142803	0.3968675	0	-0.078182854	0.9899328	0	0.6319296	0.7623382	0	0.66	100	2e-09
0	-0.61317194	0.6150856	0	3.2225664e-18	-0	2.3561945	3.1415927	1.5707964	2.3561945	-0.5412233	0.82995844	0	-0.99235046	0.034752805	0	-0.13792102	0.9835536	0	-0.7802512	0.61000085	0	0.66	100	2e-09
0	-0.5497249	0.2790795	0	3.2063347e-18	-0	2.3561945	3.1415927	1.5707964	3.9269907	-0.5468324	0.8261375	0	-0.9922229	-0.049480442	0	0.093730465	0.98844564	0	-0.75160444	-0.6450514	0	0.66	100	2e-09
0	6.2029935e-06	1.8677101e-05	0	3.1549082e-18	-0	2.3561945	3.1415927	1.5707964	5.497787	-0.64046097	0.75574577	0	-0.96714437	0.22814971	0	0.9671596	-0.22808294	0	0.6404706	-0.7557375	0	0.66	100	2e-09
0	-0.28689215	0.5119049	0	3.1629418e-18	-0	2.3561945	3.1415927	3.1415927	0.7853982	-0.8175263	0.559585	0	-0.045726895	0.9913482	0	-0.9671918	-0.22767119	0	0.67857116	0.72180736	0	0.66	100	2e-09
0	-0.8483141	0.39658037	0	3.2114824e-18	-0	2.3561945	3.1415927	3.1415927	2.3561945	-0.7101258	0.6900622	0	-0.9878704	0.100192815	0	-0.9878704	0.100192845	0	-0.71012586	0.6900621	0	0.66	100	2e-09
0	-0.87308776	4.96216e-08	0	3.2382314e-18	-0	2.3561945	3.1415927	3.1415927	3.9269907	-0.7541669	0.64158064	0	-0.99347204	1.06438186e-07	0	-0.99289995	4.1918735e-08	0	-0.754167	-0.6415805	0	0.66	100	2e-09
0	-0.21714598	-0.19215961	0	3.1334028e-18	-0	2.3561945	3.1415927	3.1415927	5.497787	-0.76567525	0.62836564	0	-0.9545485	0.27745494	0	0.14195603	-0.9827065	0	0.70597494	-0.69489884	0	0.66	100	2e-09
0	-9.973722e-05	0.2915643	0	3.103541e-18	-0	2.3561945	3.1415927	4.712389	0.7853982	-0.80305314	0.58054036	0	-0.00041464894	0.9923164	0	-9.247919e-05	-0.9927171	0	0.80315834	0.5803965	0	0.66	100	2e-09
0	-0.6647183	0.14476411	0	3.2941552e-18	-0	2.3561945	3.1415927	4.712389	2.3561945	-0.7390356	0.6593461	0	-0.9801353	0.15864013	0	-0.2500418	-0.96103585	0	-0.6886872	0.7114009	0	0.66	100	2e-09
0	-0.5497203	-0.2790786	0	3.2063347e-18	-0	2.3561945	3.1415927	4.712389	3.9269907	-0.75160134	0.64505494	0	-0.99222285	0.049480867	0	0.09374368	-0.9884445	0	-0.5468302	-0.826139	0	0.66	100	2e-09
0	-0.21730064	-0.19236031	0	3.133403e-18	-0	2.3561945	3.1415927	4.712389	5.497787	-0.7657011	0.62833405	0	-0.95472455	0.276826	0	0.14163594	-0.98275167	0	0.7058765	-0.6949986	0	0.66	100	2e-09
0	0.32253683	0.109771505	0	3.3953423e-18	-0	2.3561945	4.712389	0	0.7853982	-0.5324411	0.8356139	0	0.09919124	-0.9859254	0	0.98939604	-0.08300969	0	0.7383494	0.6597751	0	0.66	100	2e-09
0	-0.089983985	0.19076875	0	3.3412708e-18	-0	2.3561945	4.712389	0	2.3561945	-0.3939755	0.9096796	0	-0.0956466	-0.9877731	0	0.95617026	0.2682607	0	-0.8162832	0.5621132	0	0.66	100	2e-09
0	-0.14416991	-0.18544784	0	3.254369e-18	-0	2.3561945	4.712389	0	3.9269907	-0.5155634	0.84624815	0	-0.38013032	-0.9195995	0	0.99074817	0.06284473	0	-0.6629208	-0.7360482	0	0.66	100	2e-09
0	-1.2565129e-05	-3.756267e-05	0	3.1549088e-18	-0	2.3561945	4.712389	0	5.497787	-0.6404841	0.7557261	0	-0.9671611	0.22807601	0	0.9671306	-0.22821	0	0.64046425	-0.75574297	0	0.66	100	2e-09
0	-1.6883089e-08	0.43983462	0	3.4227592e-18	-0	2.3561945	4.712389	1.5707964	0.7853982	-0.46693745	0.8744174	0	6.904696e-08	-0.9911346	0	-8.5312834e-08	0.9930329	0	0.46693742	0.8744174	0	0.66	100	2e-09
0	-0.362552	0.3772086	0	3.270069e-18	-0	2.3561945	4.712389	1.5707964	2.3561945	-0.430033	0.8935068	0	-0.17378236	-0.9774175	0	-0.048271976	0.99166733	0	-0.7931888	0.59382105	0	0.66	100	2e-09
0	-0.5493204	0.2790024	0	3.2063347e-18	-0	2.3561945	4.712389	1.5707964	3.9269907	-0.5461817	0.82657397	0	-0.992192	-0.05011061	0	0.09463747	0.9883613	0	-0.751574	-0.6450873	0	0.66	100	2e-09
0	6.312807e-09	5.8723786e-09	0	3.1549084e-18	-0	2.3561945	4.712389	1.5707964	5.497787	-0.6404571	0.755749	0	-0.9671574	0.22809184	0	0.9671575	-0.22809184	0	0.64045715	-0.75574905	0	0.66	100	2e-09
0	-0.32252118	0.10976543	0	3.3953427e-18	-0	2.3561945	4.712389	3.1415927	0.7853982	-0.7383572	0.6597663	0	-0.099123046	-0.9859322	0	-0.9893954	-0.08301734	0	0.53244305	0.8356126	0	0.66	100	2e-09
0	-0.66471756	0.14476433	0	3.2941546e-18	-0	2.3561945	4.712389	3.1415927	2.3561945	-0.68868697	0.71140116	0	-0.25003943	-0.96103644	0	-0.98013514	0.15864131	0	-0.7390355	0.65934616	0	0.66	100	2e-09
0	-0.8732067	0.0003520513	0	3.2382318e-18	-0	2.3561945	4.712389	3.1415927	3.9269907	-0.75415134	0.64159894	0	-0.993472	-0.0001887107	0	-0.9928998	0.0010062282	0	-0.7546565	-0.64100707	0	0.66	100	2e-09
0	-0.21733172	-0.19216213	0	3.1334026e-18	-0	2.3561945	4.712389	3.1415927	5.497787	-0.76588064	0.628116	0	-0.9544872	0.27767307	0	0.14123145	-0.9828085	0	0.7060977	-0.6947743	0	0.66	100	2e-09
0	2.760018e-08	-0.16268995	0	3.3678427e-18	-0	2.3561945	4.712389	4.712389	0.7853982	-0.7401953	0.6580423	0	8.3726825e-08	-0.9904765	0	2.8889442e-08	-0.99262005	0	0.74019516	0.6580423	0	0.66	100	2e-09
0	-0.44856948	-0.14831582	0	3.376017e-18	-0	2.3561945	4.712389	4.712389	2.3561945	-0.72637194	0.6731926	0	-0.16801637	-0.977958	0	-0.16801642	-0.977958	0	-0.72637206	0.6731926	0	0.66	100	2e-09
0	-0.5496068	-0.2791198	0	3.2063342e-18	-0	2.3561945	4.712389	4.712389	3.9269907	-0.75145197	0.6452285	0	-0.9922434	0.04905395	0	0.09414235	-0.9884074	0	-0.5469024	-0.8260906	0	0.66	100	2e-09
0	0.00010899399	3.6110174e-05	0	3.1088245e-18	-0	2.3561945	4.712389	4.712389	5.497787	-0.8116775	0.5684699	0	-0.1635055	0.9793506	0	0.16388506	-0.97928864	0	0.8117354	-0.56838757	0	0.66	100	2e-09
0	0.21734872	-0.19219352	0	3.1334026e-18	-0	3.9269907	0	0	0.7853982	-0.7060758	-0.69479656	0	0.9545165	0.2775683	0	-0.14121155	-0.9828112	0	0.76587754	0.62811977	0	0.66	100	2e-09
0	0.16230464	-3.1270417e-08	0	3.3697423e-18	-0	3.9269907	0	0	2.3561945	-0.65955853	-0.73889834	0	0.9926477	-1.3335433e-07	0	0.9919624	2.0802611e-08	0	-0.6595585	0.7388984	0	0.66	100	2e-09
0	0.18940319	-0.46119747	0	3.3336952e-18	-0	3.9269907	0	0	3.9269907	-0.5973208	-0.79041755	0	0.9839166	-0.12871769	0	0.9839166	-0.1287177	0	-0.59732085	-0.79041755	0	0.66	100	2e-09
0	0.28683197	-0.51179	0	3.1629416e-18	-0	3.9269907	0	0	5.497787	-0.67860526	-0.72177535	0	0.9671232	0.22797322	0	0.04549217	-0.9913588	0	0.81762135	-0.55944794	0	0.66	100	2e-09
0	-1.127438e-05	3.3683304e-05	0	3.1549086e-18	-0	3.9269907	0	1.5707964	0.7853982	-0.6404808	-0.75572884	0	0.96713376	0.22819589	0	-0.9671611	-0.22807576	0	0.640463	0.75574404	0	0.66	100	2e-09
0	-0.14427362	0.1854219	0	3.254369e-18	-0	3.9269907	0	1.5707964	2.3561945	-0.5155854	-0.84623486	0	0.9907496	-0.06282214	0	-0.380561	0.91942775	0	-0.66288644	0.7360792	0	0.66	100	2e-09
0	-0.089808576	-0.1909265	0	3.341271e-18	-0	3.9269907	0	1.5707964	3.9269907	-0.39323503	-0.9099995	0	0.9560868	-0.2685678	0	-0.09561133	0.9877768	0	-0.81627774	-0.5621209	0	0.66	100	2e-09
0	0.32252112	-0.10976731	0	3.395343e-18	-0	3.9269907	0	1.5707964	5.497787	-0.53243786	-0.835616	0	0.9893956	0.08301318	0	0.099117525	0.9859326	0	0.73835677	-0.65976685	0	0.66	100	2e-09
0	2.9361893e-09	-2.7893798e-09	0	3.1549088e-18	-0	3.9269907	0	3.1415927	0.7853982	-0.6403676	-0.7558252	0	0.96721846	0.22782417	0	-0.9672185	-0.22782417	0	0.6403676	0.7558251	0	0.66	100	2e-09
0	-0.2935776	-1.2478805e-08	0	3.1804249e-18	-0	3.9269907	0	3.1415927	2.3561945	-0.5839285	-0.80042946	0	0.9926888	-1.7258053e-07	0	-0.99339277	1.6542502e-07	0	-0.5839285	0.80042934	0	0.66	100	2e-09
0	-0.34155846	-0.4179459	0	3.3097093e-18	-0	3.9269907	0	3.1415927	3.9269907	-0.5239815	-0.84136486	0	0.9708422	-0.20684363	0	-0.9913643	-0.05524398	0	-0.81523395	-0.56270546	0	0.66	100	2e-09
0	0.28687224	-0.5115208	0	3.1629418e-18	-0	3.9269907	0	3.1415927	5.497787	-0.6788269	-0.7215667	0	0.9669405	0.22877306	0	0.04602805	-0.9913345	0	0.8176534	-0.5594016	0	0.66	100	2e-09
0	0.21729912	-0.19235928	0	3.1334028e-18	-0	3.9269907	0	4.712389	0.7853982	-0.7058766	-0.6949986	0	0.95472383	0.27682865	0	-0.14164068	-0.9827511	0	0.76570046	0.6283348	0	0.66	100	2e-09
0	-0.14427067	-0.18542272	0	3.2543692e-18	-0	3.9269907	0	4.712389	2.3561945	-0.6628874	-0.7360782	0	0.9907496	0.06282249	0	-0.3805487	-0.9194327	0	-0.5155849	0.84623516	0	0.66	100	2e-09
0	-0.06544106	-0.6634768	0	3.2992057e-18	-0	3.9269907	0	4.712389	3.9269907	-0.61915916	-0.77346987	0	0.9872021	-0.09944102	0	-0.016522188	-0.9927583	0	-0.60248524	-0.7859366	0	0.66	100	2e-09
0	0.28682396	-0.51178604	0	3.1629418e-18	-0	3.9269907	0	4.712389	5.497787	-0.67859787	-0.7217823	0	0.967124	0.22796918	0	0.045431316	-0.99136156	0	0.81764156	-0.5594188	0	0.66	100	2e-09
0	-0.21721555	0.19209506	0	3.133403e-18	-0	3.9269907	1.5707964	0	0.7853982	-0.76578057	-0.6282378	0	0.14157926	0.9827596	0	-0.954456	-0.277784	0	0.70608485	0.69478744	0	0.66	100	2e-09
0	-0.061049853	0.2817553	0	3.426783e-18	-0	3.9269907	1.5707964	0	2.3561945	-0.8393414	-0.5274401	0	0.22433731	0.9676074	0	0.98749936	-0.095046334	0	-0.60361683	0.78493005	0	0.66	100	2e-09
0	-0.08980888	-0.19092622	0	3.3412712e-18	-0	3.9269907	1.5707964	0	3.9269907	-0.8162778	-0.56212085	0	-0.09561144	0.9877768	0	0.956087	-0.26856717	0	-0.39323628	-0.90999895	0	0.66	100	2e-09
0	9.249672e-05	-0.2915639	0	3.1035407e-18	-0	3.9269907	1.5707964	0	5.497787	-0.8031569	-0.5803983	0	8.794713e-05	0.992717	0	0.00038629604	-0.99231654	0	0.8030556	-0.580537	0	0.66	100	2e-09
0	-0.21728508	0.19236058	0	3.133403e-18	-0	3.9269907	1.5707964	1.5707964	0.7853982	-0.7656836	-0.62835526	0	0.14169703	0.98274314	0	-0.9547304	-0.27680537	0	0.7058663	0.6950091	0	0.66	100	2e-09
0	-0.5496137	0.27910653	0	3.2063344e-18	-0	3.9269907	1.5707964	1.5707964	2.3561945	-0.7514306	-0.64525336	0	0.09415505	0.9884062	0	-0.992244	-0.049039558	0	-0.5469632	0.82604975	0	0.66	100	2e-09
0	-0.4485742	0.14831568	0	3.3760171e-18	-0	3.9269907	1.5707964	1.5707964	3.9269907	-0.72637296	-0.6731914	0	-0.16802493	0.97795665	0	-0.16802491	0.9779566	0	-0.726373	-0.67319155	0	0.66	100	2e-09
0	-1.8204375e-08	0.16273248	0	3.367843e-18	-0	3.9269907	1.5707964	1.5707964	5.497787	-0.7402707	-0.65795773	0	-2.8280855e-08	0.9926201	0	-9.058726e-08	0.99047655	0	0.74027056	-0.6579576	0	0.66	100	2e-09
0	-0.21730065	0.1923597	0	3.1334028e-18	-0	3.9269907	1.5707964	3.1415927	0.7853982	-0.76570165	-0.6283333	0	0.14163505	0.9827517	0	-0.95472383	-0.27682862	0	0.70587724	0.6949979	0	0.66	100	2e-09
0	-0.54972446	0.27908012	0	3.2063347e-18	-0	3.9269907	1.5707964	3.1415927	2.3561945	-0.75160664	-0.64504886	0	0.09372928	0.98844594	0	-0.9922227	-0.049483832	0	-0.54682773	0.8261407	0	0.66	100	2e-09
0	-0.6647183	-0.14476867	0	3.294155e-18	-0	3.9269907	1.5707964	3.1415927	3.9269907	-0.73903745	-0.6593441	0	-0.25004792	0.96103436	0	-0.98013335	-0.15865318	0	-0.68868136	-0.71140665	0	0.66	100	2e-09
0	-0.00013865979	-0.2915644	0	3.103541e-18	-0	3.9269907	1.5707964	3.1415927	5.497787	-0.80303013	-0.5805717	0	-0.00012823236	0.9927171	0	-0.00058134063	-0.99231637	0	0.80318093	-0.5803656	0	0.66	100	2e-09
0	-1.2919234e-08	1.2331996e-08	0	3.1088245e-18	-0	3.9269907	1.5707964	4.712389	0.7853982	-0.8117343	-0.5683893	0	0.16335565	0.9793751	0	-0.16335565	-0.979375	0	0.8117343	0.56838936	0	0.66	100	2e-09
0	-0.5493215	0.27900454	0	3.2063347e-18	-0	3.9269907	1.5707964	4.712389	2.3561945	-0.7515826	-0.64507705	0	0.0946223	0.9883627	0	-0.99219126	-0.05012623	0	-0.54616314	0.8265865	0	0.66	100	2e-09
0	-0.36253816	-0.37721226	0	3.2700693e-18	-0	3.9269907	1.5707964	4.712389	3.9269907	-0.79318815	-0.59382194	0	-0.17377123	0.97741944	0	-0.04825931	-0.9916679	0	-0.4300021	-0.893522	0	0.66	100	2e-09
0	-4.110665e-09	-0.29163522	0	3.1035407e-18	-0	3.9269907	1.5707964	4.712389	5.497787	-0.8030029	-0.5806095	0	-3.8783593e-08	0.9927171	0	4.1236383e-08	-0.99231666	0	0.8030029	-0.5806095	0	0.66	100	2e-09
0	-1.2919234e-08	9.028782e-09	0	3.1088247e-18	-0	3.9269907	3.1415927	0	0.7853982	-0.81181735	-0.568272	0	0.16343075	0.9793628	0	-0.16343077	-0.9793628	0	0.8118172	0.568272	0	0.66	100	2e-09
0	-0.43720376	3.611513e-08	0	3.4987825e-18	-0	3.9269907	3.1415927	0	2.3561945	-0.86959094	-0.47565344	0	-0.9929403	8.404034e-08	0	0.99186903	-4.3790603e-08	0	-0.86959076	0.47565356	0	0.66	100	2e-09
0	-0.34155837	-0.4179446	0	3.309709e-18	-0	3.9269907	3.1415927	0	3.9269907	-0.81523407	-0.5627054	0	-0.9913643	-0.055243224	0	0.97084296	-0.20683987	0	-0.52398205	-0.84136456	0	0.66	100	2e-09
0	-0.2866767	-0.51145303	0	3.1629416e-18	-0	3.9269907	3.1415927	0	5.497787	-0.81790155	-0.5590433	0	-0.9669245	0.22884414	0	-0.0448915	-0.9913856	0	0.678712	-0.7216749	0	0.66	100	2e-09
0	-0.21735927	0.19222236	0	3.1334028e-18	-0	3.9269907	3.1415927	1.5707964	0.7853982	-0.76585823	-0.6281431	0	0.1412056	0.9828121	0	-0.9545488	-0.27745372	0	0.70605224	0.69482034	0	0.66	100	2e-09
0	-0.8732067	-0.00022749625	0	3.2382314e-18	-0	3.9269907	3.1415927	1.5707964	2.3561945	-0.75424606	-0.641488	0	-0.99289995	-0.0006433745	0	-0.99347204	0.000101846665	0	-0.7545612	0.64111876	0	0.66	100	2e-09
0	-0.6647187	-0.14476585	0	3.294155e-18	-0	3.9269907	3.1415927	1.5707964	3.9269907	-0.68868524	-0.71140283	0	-0.98013455	-0.1586454	0	-0.2500453	0.96103495	0	-0.7390365	-0.65934515	0	0.66	100	2e-09
0	-0.32240367	-0.10972519	0	3.3953427e-18	-0	3.9269907	3.1415927	1.5707964	5.497787	-0.7384131	-0.659704	0	-0.98939157	0.08306377	0	-0.0986001	0.98598313	0	0.5324452	-0.8356113	0	0.66	100	2e-09
0	-0.21735634	0.19221209	0	3.133403e-18	-0	3.9269907	3.1415927	3.1415927	0.7853982	-0.76586235	-0.62813795	0	0.1412028	0.98281246	0	-0.9545378	-0.27749243	0	0.7060602	0.6948124	0	0.66	100	2e-09
0	-0.87308294	3.7583224e-08	0	3.2382314e-18	-0	3.9269907	3.1415927	3.1415927	2.3561945	-0.7541574	-0.6415918	0	-0.9928999	1.1470943e-08	0	-0.99347204	1.2230755e-07	0	-0.7541574	0.64159185	0	0.66	100	2e-09
0	-0.8483303	-0.396571	0	3.2114826e-18	-0	3.9269907	3.1415927	3.1415927	3.9269907	-0.7101601	-0.690027	0	-0.9878687	-0.10020949	0	-0.9878688	-0.10020949	0	-0.7101601	-0.690027	0	0.66	100	2e-09
0	-0.28683844	-0.5117843	0	3.1629414e-18	-0	3.9269907	3.1415927	3.1415927	5.497787	-0.8176135	-0.5594592	0	-0.9671179	0.22799556	0	-0.045541257	-0.9913567	0	0.6786152	-0.72176594	0	0.66	100	2e-09
0	0.00016663228	-5.5493063e-05	0	3.1088247e-18	-0	3.9269907	3.1415927	4.712389	0.7853982	-0.8114571	-0.56878144	0	0.1644894	0.97918963	0	-0.16390996	-0.9792847	0	0.81154656	0.56865454	0	0.66	100	2e-09
0	-0.8732067	0.0003592614	0	3.2382312e-18	-0	3.9269907	3.1415927	4.712389	2.3561945	-0.7546598	-0.6410032	0	-0.99289966	0.0010238911	0	-0.99347204	-0.00018558984	0	-0.7541477	0.6416031	0	0.66	100	2e-09
0	-0.6131939	-0.6150538	0	3.2225662e-18	-0	3.9269907	3.1415927	4.712389	3.9269907	-0.78028786	-0.6099543	0	-0.99235517	-0.034616556	0	-0.13808444	-0.98353124	0	-0.54110754	-0.8300349	0	0.66	100	2e-09
0	-0.28682435	-0.5117878	0	3.162942e-18	-0	3.9269907	3.1415927	4.712389	5.497787	-0.81764054	-0.55942017	0	-0.9671252	0.22796448	0	-0.045431554	-0.9913615	0	0.6785968	-0.7217832	0	0.66	100	2e-09
0	0.21732993	-0.19218133	0	3.133403e-18	-0	3.9269907	4.712389	0	0.7853982	-0.7060823	-0.69478995	0	0.95450395	0.27761307	0	-0.14127755	-0.9828019	0	0.765887	0.6281081	0	0.66	100	2e-09
0	-0.061040416	-0.2817443	0	3.4267828e-18	-0	3.9269907	4.712389	0	2.3561945	-0.6035978	-0.78494495	0	0.22435579	-0.96760327	0	0.98749495	0.09509429	0	-0.8393369	0.5274471	0	0.66	100	2e-09
0	-0.065435305	-0.66349393	0	3.2992064e-18	-0	3.9269907	4.712389	0	3.9269907	-0.6024772	-0.7859429	0	-0.016512243	-0.9927584	0	0.9871968	-0.09949529	0	-0.619149	-0.77347803	0	0.66	100	2e-09
0	0.23450492	-0.7372643	0	3.3145228e-18	-0	3.9269907	4.712389	0	5.497787	-0.63192964	-0.76233816	0	0.07818271	-0.9899328	0	0.91142595	-0.3968725	0	0.58544457	-0.79905313	0	0.66	100	2e-09
0	2.9361893e-09	-8.074521e-09	0	3.1549092e-18	-0	3.9269907	4.712389	1.5707964	0.7853982	-0.6403346	-0.7558531	0	0.96724117	0.22772506	0	-0.9672411	-0.22772507	0	0.6403346	0.7558532	0	0.66	100	2e-09
0	-0.5493202	-0.27901137	0	3.2063349e-18	-0	3.9269907	4.712389	1.5707964	2.3561945	-0.54618436	-0.8265722	0	0.094639115	-0.9883612	0	-0.9921942	0.050068032	0	-0.75157017	0.6450917	0	0.66	100	2e-09
0	-0.36252704	-0.37721607	0	3.2700695e-18	-0	3.9269907	4.712389	1.5707964	3.9269907	-0.42997107	-0.89353716	0	-0.048250068	-0.9916682	0	-0.17376716	0.97742015	0	-0.79318804	-0.59382206	0	0.66	100	2e-09
0	8.280054e-08	-0.4398367	0	3.4227592e-18	-0	3.9269907	4.712389	1.5707964	5.497787	-0.4669299	-0.8744214	0	1.2577465e-07	-0.99303275	0	-5.5307652e-08	0.99113446	0	0.46693015	-0.8744213	0	0.66	100	2e-09
0	-0.21735978	0.19222228	0	3.1334028e-18	-0	3.9269907	4.712389	3.1415927	0.7853982	-0.76585895	-0.6281422	0	0.14120361	0.9828124	0	-0.95454836	-0.2774549	0	0.7060526	0.69482005	0	0.66	100	2e-09
0	-0.5498517	-0.2790902	0	3.2063347e-18	-0	3.9269907	4.712389	3.1415927	2.3561945	-0.5469813	-0.8260375	0	0.09341384	-0.988475	0	-0.9922262	0.049412057	0	-0.75164366	0.6450055	0	0.66	100	2e-09
0	-0.6131751	-0.61508083	0	3.2225662e-18	-0	3.9269907	4.712389	3.1415927	3.9269907	-0.5412469	-0.82994276	0	-0.13791461	-0.98355436	0	-0.9923508	-0.034741744	0	-0.78024614	-0.61000717	0	0.66	100	2e-09
0	-0.23450504	-0.73726356	0	3.314523e-18	-0	3.9269907	4.712389	3.1415927	5.497787	-0.5854443	-0.79905343	0	-0.07818244	-0.98993284	0	-0.91142714	-0.3968697	0	0.63192976	-0.76233816	0	0.66	100	2e-09
0	0.21728672	-0.19236007	0	3.1334026e-18	-0	3.9269907	4.712389	4.712389	0.7853982	-0.7058677	-0.6950076	0	0.95472926	0.27680954	0	-0.14168993	-0.9827441	0	0.7656858	0.62835264	0	0.66	100	2e-09
0	-0.54945815	-0.279	0	3.2063347e-18	-0	3.9269907	4.712389	4.712389	2.3561945	-0.5463309	-0.8264739	0	0.0942879	-0.98839396	0	-0.9921919	0.05011428	0	-0.751627	0.64502543	0	0.66	100	2e-09
0	-0.3714403	-0.87578833	0	3.2445001e-18	-0	3.9269907	4.712389	4.712389	3.9269907	-0.6276283	-0.7659525	0	-0.112715766	-0.9867117	0	-0.11271576	-0.98671156	0	-0.6276283	-0.76595247	0	0.66	100	2e-09
0	5.1676935e-08	-0.87255514	0	3.2373976e-18	-0	3.9269907	4.712389	4.712389	5.497787	-0.64235336	-0.75361156	0	1.0143117e-07	-0.99286544	0	4.5588703e-08	-0.9924874	0	0.64235353	-0.75361145	0	0.66	100	2e-09
0	0.87314504	-4.8593936e-08	0	3.2382314e-18	-0	5.497787	0	0	0.7853982	0.7542809	-0.6414472	0	0.99347204	-1.10283345e-07	0	0.9929001	-4.2472e-08	0	0.7542809	0.6414472	0	0.66	100	2e-09
0	-1.568806e-05	-4.696266e-05	0	3.1549088e-18	-0	5.497787	0	0	2.3561945	0.6407479	-0.7555017	0	0.9669305	-0.22908409	0	-0.9669689	0.22891633	0	-0.6407723	0.7554809	0	0.66	100	2e-09
0	0.28684095	-0.51178414	0	3.1629424e-18	-0	5.497787	0	0	3.9269907	0.8176111	-0.5594627	0	0.045555916	-0.99135596	0	0.9671176	0.22799715	0	-0.678617	-0.7217642	0	0.66	100	2e-09
0	0.8482853	-0.3966977	0	3.211482e-18	-0	5.497787	0	0	5.497787	0.7100881	-0.6901011	0	0.98785084	-0.10038932	0	0.98785084	-0.10038936	0	0.7100881	-0.690101	0	0.66	100	2e-09
0	0.54984605	0.27909055	0	3.206334e-18	-0	5.497787	0	1.5707964	0.7853982	0.7516446	-0.6450046	0	0.9922259	-0.049418505	0	-0.093424976	0.98847395	0	0.5469694	0.8260455	0	0.66	100	2e-09
0	0.21729751	0.19235925	0	3.1334028e-18	-0	5.497787	0	1.5707964	2.3561945	0.7657001	-0.62833524	0	0.9547238	-0.2768292	0	-0.14164841	0.98274994	0	-0.70587474	0.6950006	0	0.66	100	2e-09
0	-7.9525955e-05	-0.29155877	0	3.103541e-18	-0	5.497787	0	1.5707964	3.9269907	0.8030204	-0.5805855	0	-0.00033770525	-0.9923164	0	0.0002066149	0.9927171	0	-0.8032071	-0.5803294	0	0.66	100	2e-09
0	0.66471624	-0.14476827	0	3.2941548e-18	-0	5.497787	0	1.5707964	5.497787	0.7390369	-0.6593447	0	0.9801326	-0.15865731	0	0.25003716	0.961037	0	0.688685	-0.7114031	0	0.66	100	2e-09
0	0.2935784	1.4680947e-10	0	3.1804249e-18	-0	5.497787	0	3.1415927	0.7853982	0.58393013	-0.8004283	0	0.99339277	-1.5065295e-07	0	-0.99268895	1.4480683e-07	0	0.5839301	0.8004282	0	0.66	100	2e-09
0	-5.8723786e-09	-1.35064715e-08	0	3.154909e-18	-0	5.497787	0	3.1415927	2.3561945	0.64035994	-0.7558318	0	0.9672241	-0.22779974	0	-0.9672241	0.22779968	0	-0.64035994	0.7558316	0	0.66	100	2e-09
0	-0.2866612	-0.511403	0	3.1629418e-18	-0	5.497787	0	3.1415927	3.9269907	0.6787135	-0.72167355	0	-0.044771563	-0.9913909	0	-0.9669039	0.22893418	0	-0.81798047	-0.5589294	0	0.66	100	2e-09
0	0.34154898	-0.41789508	0	3.3097093e-18	-0	5.497787	0	3.1415927	5.497787	0.52406406	-0.8413129	0	0.991357	-0.055374023	0	-0.9709128	-0.20649987	0	0.8151911	-0.5627668	0	0.66	100	2e-09
0	0.54985124	-0.27909008	0	3.2063344e-18	-0	5.497787	0	4.712389	0.7853982	0.546983	-0.82603633	0	0.9922263	0.049409494	0	-0.093416385	-0.9884746	0	0.7516424	0.64500713	0	0.66	100	2e-09
0	-4.9872647e-06	-1.4127549e-05	0	3.1549092e-18	-0	5.497787	0	4.712389	2.3561945	0.64034367	-0.7558455	0	0.9672259	-0.22779185	0	-0.9672372	0.2277426	0	-0.6403524	0.75583804	0	0.66	100	2e-09
0	0.23450457	-0.7372647	0	3.314523e-18	-0	5.497787	0	4.712389	3.9269907	0.58544475	-0.79905295	0	0.911425	-0.39687487	0	0.078182496	-0.98993284	0	-0.63192993	-0.7623379	0	0.66	100	2e-09
0	0.6131754	-0.615085	0	3.2225664e-18	-0	5.497787	0	4.712389	5.497787	0.54123336	-0.8299517	0	0.99235034	-0.034755994	0	0.13792619	-0.9835527	0	0.7802498	-0.6100026	0	0.66	100	2e-09
0	0.8732066	-0.00036664784	0	3.2382312e-18	-0	5.497787	1.5707964	0	0.7853982	0.7541437	-0.6416078	0	0.99347204	0.00018382308	0	0.9928998	-0.0010424898	0	0.75466365	0.64099866	0	0.66	100	2e-09
0	0.217356	0.19221422	0	3.1334028e-18	-0	5.497787	1.5707964	0	2.3561945	0.76586044	-0.6281404	0	0.9545405	-0.2774831	0	-0.14120683	0.9828119	0	-0.706058	0.6948145	0	0.66	100	2e-09
0	0.322536	-0.10977259	0	3.3953427e-18	-0	5.497787	1.5707964	0	3.9269907	0.73834884	-0.65977573	0	0.09918616	0.9859258	0	0.9893962	0.08300682	0	-0.5324391	-0.8356151	0	0.66	100	2e-09
0	0.66472036	-0.14476651	0	3.2941554e-18	-0	5.497787	1.5707964	0	5.497787	0.6886842	-0.7114038	0	0.25005248	0.9610332	0	0.9801345	-0.15864599	0	0.73903716	-0.6593443	0	0.66	100	2e-09
0	0.54963356	0.27908802	0	3.2063344e-18	-0	5.497787	1.5707964	1.5707964	0.7853982	0.7514109	-0.64527637	0	0.992244	-0.049039643	0	-0.09413473	0.98840815	0	0.5470418	0.82599694	0	0.66	100	2e-09
0	0.21728629	0.19235969	0	3.1334028e-18	-0	5.497787	1.5707964	1.5707964	2.3561945	0.76568544	-0.62835294	0	0.95472884	-0.27681065	0	-0.14169103	0.9827439	0	-0.7058678	0.69500756	0	0.66	100	2e-09
0	-3.87577e-08	0.16273278	0	3.3678423e-18	-0	5.497787	1.5707964	1.5707964	3.9269907	0.74027115	-0.6579572	0	-9.058726e-08	0.9904765	0	-3.594352e-08	0.99262005	0	-0.74027115	-0.657957	0	0.66	100	2e-09
0	0.44857025	0.1483161	0	3.3760175e-18	-0	5.497787	1.5707964	1.5707964	5.497787	0.72637266	-0.67319196	0	0.16801734	0.97795784	0	0.16801737	0.97795784	0	0.72637266	-0.67319196	0	0.66	100	2e-09
0	0.14427046	0.18542296	0	3.254369e-18	-0	5.497787	1.5707964	3.1415927	0.7853982	0.5155852	-0.84623504	0	0.38054758	0.9194331	0	-0.99074954	-0.06282214	0	0.6628875	0.7360783	0	0.66	100	2e-09
0	1.0170666e-05	3.0323203e-05	0	3.1549086e-18	-0	5.497787	1.5707964	3.1415927	2.3561945	0.6404784	-0.75573087	0	0.96716064	-0.22807764	0	-0.96713614	0.2281857	0	-0.64046234	0.7557446	0	0.66	100	2e-09
0	-0.32251996	-0.109764986	0	3.3953425e-18	-0	5.497787	1.5707964	3.1415927	3.9269907	0.53244305	-0.8356127	0	-0.09911748	0.9859327	0	-0.9893953	0.08301792	0	-0.73835784	-0.6597656	0	0.66	100	2e-09
0	0.0899832	-0.19076946	0	3.341271e-18	-0	5.497787	1.5707964	3.1415927	5.497787	0.39397222	-0.9096811	0	0.095646426	0.9877731	0	-0.9561698	-0.26826212	0	0.8162831	-0.5621132	0	0.66	100	2e-09
0	0.549421	-0.27904484	0	3.2063344e-18	-0	5.497787	1.5707964	4.712389	0.7853982	0.546426	-0.82641023	0	0.99220985	0.049746156	0	-0.094458796	-0.988378	0	0.75153536	0.64513195	0	0.66	100	2e-09
0	-1.2331996e-08	-1.3212852e-08	0	3.1549088e-18	-0	5.497787	1.5707964	4.712389	2.3561945	0.64036024	-0.7558314	0	0.9672258	-0.22779253	0	-0.96722573	0.22779252	0	-0.64036024	0.7558315	0	0.66	100	2e-09
0	1.7617136e-08	-0.43983924	0	3.4227594e-18	-0	5.497787	1.5707964	4.712389	3.9269907	0.46692067	-0.87442654	0	-7.037479e-08	0.9911346	0	9.134338e-08	-0.99303275	0	-0.4669206	-0.87442654	0	0.66	100	2e-09
0	0.36254433	-0.37721026	0	3.2700691e-18	-0	5.497787	1.5707964	4.712389	5.497787	0.43001905	-0.8935137	0	0.1737729	0.9774191	0	0.048265588	-0.9916676	0	0.793188	-0.5938222	0	0.66	100	2e-09
0	0.4371937	-2.2315039e-08	0	3.498782e-18	-0	5.497787	3.1415927	0	0.7853982	0.86957073	-0.4756894	0	-0.99186903	6.864124e-08	0	0.99294025	-9.934722e-08	0	0.8695708	0.47568935	0	0.66	100	2e-09
0	-1.05702815e-08	-1.3212852e-08	0	3.1088245e-18	-0	5.497787	3.1415927	0	2.3561945	0.81180984	-0.5682824	0	0.1634485	-0.97935987	0	-0.1634485	0.97935987	0	-0.8118099	0.5682824	0	0.66	100	2e-09
0	0.28671178	-0.51149195	0	3.162942e-18	-0	5.497787	3.1415927	0	3.9269907	0.8178337	-0.5591414	0	0.04509256	-0.9913767	0	0.9669415	0.22876988	0	-0.6787206	-0.7216669	0	0.66	100	2e-09
0	0.34154713	-0.41788545	0	3.309709e-18	-0	5.497787	3.1415927	0	5.497787	0.8151843	-0.56277657	0	-0.9709246	-0.20644274	0	0.99135613	-0.055390477	0	0.524076	-0.8413053	0	0.66	100	2e-09
0	0.06103612	0.28172922	0	3.4267833e-18	-0	5.497787	3.1415927	1.5707964	0.7853982	0.8393297	-0.5274582	0	-0.98749006	-0.095146246	0	-0.22436488	0.9676011	0	0.6035919	0.7849495	0	0.66	100	2e-09
0	-0.00010913346	-3.5983587e-05	0	3.1088247e-18	-0	5.497787	3.1415927	1.5707964	2.3561945	0.8116764	-0.56847143	0	0.16350819	-0.97935027	0	-0.1638888	0.979288	0	-0.8117339	0.5683897	0	0.66	100	2e-09
0	-0.000121387944	-0.2915252	0	3.103541e-18	-0	5.497787	3.1415927	1.5707964	3.9269907	0.80319995	-0.5803395	0	-0.00026232566	-0.9923166	0	-0.00030113428	0.992717	0	-0.80312514	-0.5804416	0	0.66	100	2e-09
0	0.08999674	-0.19075716	0	3.3412712e-18	-0	5.497787	3.1415927	1.5707964	5.497787	0.8162835	-0.56211275	0	-0.95617646	-0.26823795	0	0.09564901	0.9877728	0	0.39402974	-0.90965605	0	0.66	100	2e-09
0	-0.1623335	4.140027e-08	0	3.369742e-18	-0	5.497787	3.1415927	3.1415927	0.7853982	0.6595011	-0.7389499	0	-0.99196225	-7.201613e-09	0	-0.99264777	1.2629103e-07	0	0.6595011	0.7389499	0	0.66	100	2e-09
0	-0.21735819	-0.19221678	0	3.1334023e-18	-0	5.497787	3.1415927	3.1415927	2.3561945	0.70605737	-0.6948152	0	0.14120336	-0.9828124	0	-0.95454204	0.2774776	0	-0.76586336	0.6281369	0	0.66	100	2e-09
0	-0.2868412	-0.5117812	0	3.162942e-18	-0	5.497787	3.1415927	3.1415927	3.9269907	0.67861944	-0.72176194	0	-0.0455613	-0.9913557	0	-0.9671156	0.22800624	0	-0.81761134	-0.55946237	0	0.66	100	2e-09
0	-0.18941051	-0.46120486	0	3.3336954e-18	-0	5.497787	3.1415927	3.1415927	5.497787	0.59730583	-0.790429	0	-0.9839161	-0.12872115	0	-0.9839161	-0.12872118	0	0.59730583	-0.79042894	0	0.66	100	2e-09
0	0.061028447	-0.28172025	0	3.4267833e-18	-0	5.497787	3.1415927	4.712389	0.7853982	0.60357565	-0.7849622	0	-0.9874861	0.09518822	0	-0.22438104	-0.9675975	0	0.8393278	0.5274614	0	0.66	100	2e-09
0	-0.21735525	-0.19221403	0	3.1334028e-18	-0	5.497787	3.1415927	4.712389	2.3561945	0.70605755	-0.69481504	0	0.14120995	-0.98281133	0	-0.95454043	0.27748352	0	-0.76586014	0.6281407	0	0.66	100	2e-09
0	-0.2345059	-0.737262	0	3.3145235e-18	-0	5.497787	3.1415927	4.712389	3.9269907	0.6319293	-0.7623385	0	-0.91143006	-0.3968627	0	-0.07818302	-0.9899328	0	-0.5854436	-0.79905385	0	0.66	100	2e-09
0	0.0654372	-0.66348547	0	3.2992055e-18	-0	5.497787	3.1415927	4.712389	5.497787	0.6024781	-0.78594214	0	-0.98719966	-0.099465966	0	0.016516596	-0.9927585	0	0.61915416	-0.77347386	0	0.66	100	2e-09
0	0.43735048	-0.00047168942	0	3.4987825e-18	-0	5.497787	4.712389	0	0.7853982	0.86949354	-0.47582656	0	-0.99186903	0.00036806834	0	0.9929403	-0.00086108904	0	0.8702719	0.47443724	0	0.66	100	2e-09
0	0.00017091588	5.9249367e-05	0	3.1088247e-18	-0	5.497787	4.712389	0	2.3561945	0.8118054	-0.5682885	0	0.16385213	-0.979294	0	-0.16326545	0.9793898	0	-0.811706	0.5684295	0	0.66	100	2e-09
0	0.28682438	-0.51178837	0	3.1629414e-18	-0	5.497787	4.712389	0	3.9269907	0.8176398	-0.5594211	0	0.045431845	-0.9913615	0	0.9671255	0.22796321	0	-0.67859656	-0.72178346	0	0.66	100	2e-09
0	0.613177	-0.6150803	0	3.2225662e-18	-0	5.497787	4.712389	0	5.497787	0.780248	-0.61000484	0	0.13792655	-0.98355275	0	0.99235094	-0.03473929	0	0.5412405	-0.82994705	0	0.66	100	2e-09
0	0.5493355	0.27900693	0	3.2063344e-18	-0	5.497787	4.712389	1.5707964	0.7853982	0.7515713	-0.6450903	0	0.99219394	-0.050071366	0	-0.09460719	0.9883642	0	0.5462124	0.82655334	0	0.66	100	2e-09
0	-3.5234273e-09	-4.991522e-09	0	3.1088247e-18	-0	5.497787	4.712389	1.5707964	2.3561945	0.8117336	-0.56839037	0	0.16355562	-0.97934246	0	-0.16355562	0.97934246	0	-0.8117336	0.5683903	0	0.66	100	2e-09
0	-8.36814e-09	-0.29163802	0	3.1035413e-18	-0	5.497787	4.712389	1.5707964	3.9269907	0.8029987	-0.58061516	0	4.540428e-08	-0.9923166	0	-3.658899e-08	0.99271715	0	-0.8029988	-0.5806151	0	0.66	100	2e-09
0	0.36255416	-0.37720686	0	3.2700691e-18	-0	5.497787	4.712389	1.5707964	5.497787	0.79318666	-0.5938239	0	0.048277866	-0.99166703	0	0.17377159	0.97741926	0	0.43004858	-0.8934992	0	0.66	100	2e-09
0	0.1442691	-0.18542308	0	3.254369e-18	-0	5.497787	4.712389	3.1415927	0.7853982	0.6628879	-0.73607785	0	0.3805422	-0.91943526	0	-0.99074954	0.06282301	0	0.5155846	0.8462354	0	0.66	100	2e-09
0	-0.21730076	-0.19236137	0	3.1334023e-18	-0	5.497787	4.712389	3.1415927	2.3561945	0.7058756	-0.6949995	0	0.14163707	-0.98275155	0	-0.95472574	0.27682203	0	-0.7657007	0.6283345	0	0.66	100	2e-09
0	-0.28682417	-0.511787	0	3.162942e-18	-0	5.497787	4.712389	3.1415927	3.9269907	0.6785973	-0.72178286	0	-0.045431577	-0.9913616	0	-0.9671246	0.22796689	0	-0.8176408	-0.55941975	0	0.66	100	2e-09
0	0.065432936	-0.66349906	0	3.299206e-18	-0	5.497787	4.712389	3.1415927	5.497787	0.6191456	-0.77348083	0	0.016510587	-0.9927585	0	-0.98719543	-0.09950853	0	0.60247165	-0.78594714	0	0.66	100	2e-09
0	0.54964745	-0.2791109	0	3.2063349e-18	-0	5.497787	4.712389	4.712389	0.7853982	0.54700774	-0.8260198	0	0.99224573	0.049007695	0	-0.09407281	-0.9884139	0	0.75143754	0.64524525	0	0.66	100	2e-09
0	-0.21728647	-0.19235857	0	3.1334028e-18	-0	5.497787	4.712389	4.712389	2.3561945	0.70586896	-0.69500625	0	0.1416887	-0.9827443	0	-0.95472765	0.2768153	0	-0.7656864	0.62835187	0	0.66	100	2e-09
0	3.582151e-08	-0.8726157	0	3.237398e-18	-0	5.497787	4.712389	4.712389	3.9269907	0.6422127	-0.753732	0	3.858073e-08	-0.9924875	0	9.796407e-08	-0.9928656	0	-0.6422127	-0.75373197	0	0.66	100	2e-09
0	0.37129307	-0.87581533	0	3.2445004e-18	-0	5.497787	4.712389	4.712389	5.497787	0.62759846	-0.76597714	0	0.1124501	-0.98674095	0	0.11245011	-0.986741	0	0.6275984	-0.76597714	0	0.66	100	2e-09
