# t (s)	mx ()	my ()	mz ()	E_total (J)	E_Zeeman (J)	a1 (rad)	a2 (rad)	a3 (rad)	a4 (rad)	a5 (rad)	m.region1x ()	m.region1y ()	m.region1z ()	m.region2x ()	m.region2y ()	m.region2z ()	m.region3x ()	m.region3y ()	m.region3z ()	m.region4x ()	m.region4y ()	m.region4z ()	m.region5x ()	m.region5y ()	m.region5z ()	roundness ()	size (m)	Cell_size (m)
0	0.7848802	0.26790679	6.4516964e-26	-2.1719144e-17	-2.5847778e-17	0	0	1.5707964	0	0	0.99234724	-0.008416333	-1.175227e-28	0.9714769	0.20650795	1.3523223e-27	-0.00069611904	0.9996819	3.2137888e-25	0.99021715	-0.06827615	2.0509346e-28	0.9710558	0.2100366	-2.3469539e-28	0.66	100	2e-09
0	0.6228386	0.39883804	0	-2.1732192e-17	-2.5847784e-17	0	0	1.5707964	0	1.5707964	0.9921158	-0.02302324	0	0.98557246	0.12022035	0	-0.00047637656	0.9996823	0	0.9889728	-0.08475314	0	0.14800869	0.98206383	0	0.66	100	2e-09
0	0.40280148	0.22444038	0	-2.1625582e-17	-2.5847794e-17	0	0	1.5707964	0	3.1415927	0.99231005	-0.01012093	0	0.9900753	-0.07001669	0	-0.0003999123	0.9996827	0	0.9908541	-0.057421874	0	-0.95883226	0.26007867	0	0.66	100	2e-09
0	0.6383792	0.008967368	0	-2.1598584e-17	-2.5847784e-17	0	0	1.5707964	0	4.712389	0.9922719	0.014200973	0	0.99202335	0.033234686	0	-0.0007440578	0.9996822	0	0.99194455	-0.03311512	0	0.21640047	-0.96916574	0	0.66	100	2e-09
0	0.5618229	0.5382685	0	-2.1735595e-17	-2.5847775e-17	0	0	1.5707964	1.5707964	0	0.96876645	0.21987824	0	0.9555515	0.27211133	0	-0.0008748386	0.9996819	0	-0.085214764	0.9890765	0	0.97088605	0.21059453	0	0.66	100	2e-09
0	0.38684702	0.6695655	0	-2.1757633e-17	-2.5847784e-17	0	0	1.5707964	1.5707964	1.5707964	0.9710128	0.20941135	0	0.9789038	0.16686621	0	-0.00065297465	0.9996824	0	-0.12498725	0.9849647	0	0.10995854	0.98690283	0	0.66	100	2e-09
0	0.16930982	0.48257917	0	-2.1668011e-17	-2.5847801e-17	0	0	1.5707964	1.5707964	3.1415927	0.96775246	0.22437419	0	0.9919813	-0.027957508	0	-0.0005863259	0.9996828	0	-0.1474867	0.9819516	0	-0.96511173	0.23484482	0	0.66	100	2e-09
0	0.40237167	0.26569664	0	-2.1627875e-17	-2.5847783e-17	0	0	1.5707964	1.5707964	4.712389	0.9633955	0.24295658	0	0.9894192	0.07832544	0	-0.0009174866	0.9996822	0	-0.09147145	0.9885476	0	0.1514327	-0.9810285	0	0.66	100	2e-09
0	0.38089344	0.297654	0	-2.1768092e-17	-2.5847773e-17	0	0	1.5707964	3.1415927	0	0.9927188	-0.019699773	0	0.9423093	0.315911	0	-0.00064330077	0.9996818	0	-0.9912217	-0.059049096	0	0.96130407	0.25142625	0	0.66	100	2e-09
0	0.21254334	0.41878644	0	-2.1803573e-17	-2.5847783e-17	0	0	1.5707964	3.1415927	1.5707964	0.99247986	-0.028840303	0	0.97262603	0.20132275	0	-0.0004294007	0.9996823	0	-0.9907286	-0.067202725	0	0.088768914	0.9889704	0	0.66	100	2e-09
0	0.0076108673	0.2474637	0	-2.1713054e-17	-2.5847793e-17	0	0	1.5707964	3.1415927	3.1415927	0.9926785	-0.019149365	0	0.9920733	0.025226638	0	-0.00037154648	0.9996826	0	-0.9919504	-0.04496636	0	-0.9543756	0.27652502	0	0.66	100	2e-09
0	0.22271265	0.023202498	0	-2.1653143e-17	-2.5847778e-17	0	0	1.5707964	3.1415927	4.712389	0.9928804	-0.0011046547	0	0.9841339	0.12988938	0	-0.00069884054	0.99968207	0	-0.9925215	-0.028530579	0	0.12976928	-0.98392373	0	0.66	100	2e-09
0	0.56189585	0.05699371	0	-2.1771569e-17	-2.5847773e-17	0	0	1.5707964	4.712389	0	0.96546847	-0.2325265	0	0.9594166	0.25800934	0	-0.0004899364	0.99968183	0	-0.07672654	-0.9898458	0	0.9618111	0.24964978	0	0.66	100	2e-09
0	0.3900153	0.18392488	0	-2.179985e-17	-2.584778e-17	0	0	1.5707964	4.712389	1.5707964	0.9627267	-0.24371542	0	0.97938114	0.16448842	0	-0.00027762933	0.9996822	0	-0.10869733	-0.98695374	0	0.11694368	0.986123	0	0.66	100	2e-09
0	0.17460541	0.013850782	0	-2.169647e-17	-2.5847793e-17	0	0	1.5707964	4.712389	3.1415927	0.9623343	-0.24511401	0	0.9924707	-0.005684723	0	-0.00020372558	0.9996824	0	-0.13533022	-0.98372906	0	-0.94624406	0.30409917	0	0.66	100	2e-09
0	0.41018662	-0.22001715	0	-2.1645442e-17	-2.5847778e-17	0	0	1.5707964	4.712389	4.712389	0.9670438	-0.22555873	0	0.9885321	0.09042271	0	-0.0005383296	0.999682	0	-0.08719853	-0.98896194	0	0.18309398	-0.97566986	0	0.66	100	2e-09
0	0.6557348	0.38940856	0	-2.1695445e-17	-2.5847732e-17	0	1.5707964	1.5707964	0	0	0.98788583	-0.09431659	0	0.31496897	0.9432613	0	-0.0004720749	0.99968016	0	0.9918642	-0.032706972	0	0.9844269	0.13112466	0	0.66	100	2e-09
0	0.6228892	0.39865595	0	-2.1732189e-17	-2.5847784e-17	0	1.5707964	1.5707964	0	1.5707964	0.9921062	-0.023452492	0	0.98554814	0.12042477	0	-0.00047622746	0.99968237	0	0.9889197	-0.08538911	0	0.14834836	0.9820141	0	0.66	100	2e-09
0	0.40280133	0.22444148	0	-2.162558e-17	-2.5847794e-17	0	1.5707964	1.5707964	0	3.1415927	0.99231005	-0.010113099	0	0.99007493	-0.070022196	0	-0.00039991437	0.9996828	0	0.99085444	-0.057416115	0	-0.958833	0.26007608	0	0.66	100	2e-09
0	0.6383401	0.008928034	0	-2.1598582e-17	-2.5847783e-17	0	1.5707964	1.5707964	0	4.712389	0.99227226	0.014168703	0	0.9920255	0.033165444	0	-0.00074400514	0.9996822	0	0.9919429	-0.033167753	0	0.21620417	-0.9692084	0	0.66	100	2e-09
0	0.56182545	0.5382573	0	-2.1735595e-17	-2.5847778e-17	0	1.5707964	1.5707964	1.5707964	0	0.96877015	0.21986136	0	0.95555735	0.27209073	0	-0.00087483245	0.9996819	0	-0.08521508	0.9890767	0	0.9708899	0.2105761	0	0.66	100	2e-09
0	0.38684565	0.66956836	0	-2.1757633e-17	-2.5847788e-17	0	1.5707964	1.5707964	1.5707964	1.5707964	0.9710169	0.2093919	0	0.97890073	0.16688496	0	-0.00065296306	0.99968237	0	-0.124927014	0.9849722	0	0.10989066	0.98691005	0	0.66	100	2e-09
0	0.1693092	0.48257586	0	-2.1668011e-17	-2.5847801e-17	0	1.5707964	1.5707964	1.5707964	3.1415927	0.9677514	0.2243793	0	0.99198115	-0.027966684	0	-0.0005863268	0.9996828	0	-0.14748533	0.9819518	0	-0.9651148	0.23483187	0	0.66	100	2e-09
0	0.40237018	0.26569578	0	-2.1627875e-17	-2.5847783e-17	0	1.5707964	1.5707964	1.5707964	4.712389	0.9633914	0.24297284	0	0.9894206	0.07830689	0	-0.0009174878	0.9996822	0	-0.09145186	0.98854935	0	0.15140824	-0.98103225	0	0.66	100	2e-09
0	0.3808985	0.29764593	0	-2.1768092e-17	-2.5847773e-17	0	1.5707964	1.5707964	3.1415927	0	0.9927195	-0.01967311	0	0.942324	0.31586617	0	-0.00064331904	0.99968183	0	-0.99122304	-0.05902675	0	0.9613155	0.25138152	0	0.66	100	2e-09
0	0.21254885	0.41878328	0	-2.1803576e-17	-2.5847784e-17	0	1.5707964	1.5707964	3.1415927	1.5707964	0.9924797	-0.028843459	0	0.9726297	0.20130455	0	-0.00042940082	0.9996822	0	-0.99072915	-0.067195274	0	0.08879348	0.9889682	0	0.66	100	2e-09
0	0.007604567	0.24743862	0	-2.1713053e-17	-2.5847793e-17	0	1.5707964	1.5707964	3.1415927	3.1415927	0.99267864	-0.01914111	0	0.99207395	0.025199741	0	-0.00037155455	0.9996826	0	-0.9919507	-0.044958886	0	-0.9544076	0.27641067	0	0.66	100	2e-09
0	0.22271158	0.023202881	0	-2.1653145e-17	-2.5847778e-17	0	1.5707964	1.5707964	3.1415927	4.712389	0.9928804	-0.0011030312	0	0.9841341	0.12988773	0	-0.0006988407	0.9996821	0	-0.9925215	-0.028527925	0	0.12976387	-0.98392457	0	0.66	100	2e-09
0	0.56188965	0.056997735	0	-2.177157e-17	-2.5847773e-17	0	1.5707964	1.5707964	4.712389	0	0.9654621	-0.23255347	0	0.9594113	0.2580295	0	-0.0004899241	0.9996818	0	-0.07673987	-0.9898448	0	0.9618046	0.24967566	0	0.66	100	2e-09
0	0.39001632	0.18392433	0	-2.1799847e-17	-2.5847783e-17	0	1.5707964	1.5707964	4.712389	1.5707964	0.96272665	-0.24371561	0	0.97938144	0.16448645	0	-0.0002776296	0.9996822	0	-0.10869854	-0.9869537	0	0.11694963	0.98612237	0	0.66	100	2e-09
0	0.17460196	0.013837151	0	-2.169647e-17	-2.584779e-17	0	1.5707964	1.5707964	4.712389	3.1415927	0.962335	-0.24511147	0	0.9924707	-0.005695934	0	-0.0002037288	0.9996824	0	-0.1353297	-0.98372906	0	-0.9462625	0.30403975	0	0.66	100	2e-09
0	0.41018766	-0.22001661	0	-2.164544e-17	-2.5847778e-17	0	1.5707964	1.5707964	4.712389	4.712389	0.9670439	-0.22555825	0	0.98853195	0.090424076	0	-0.00053833035	0.999682	0	-0.0871979	-0.98896194	0	0.18309884	-0.97566897	0	0.66	100	2e-09
0	0.7848792	0.2679208	0	-2.171914e-17	-2.5847778e-17	0	3.1415927	1.5707964	0	0	0.9923475	-0.008396855	0	0.97147876	0.20649897	0	-0.0006961213	0.9996819	0	0.9902185	-0.068256564	0	0.9710475	0.2100765	0	0.66	100	2e-09
0	0.6228436	0.3988293	0	-2.1732192e-17	-2.5847788e-17	0	3.1415927	1.5707964	0	1.5707964	0.99211544	-0.023041734	0	0.98557085	0.12023215	0	-0.00047637222	0.9996823	0	0.98897	-0.08478591	0	0.14803818	0.9820594	0	0.66	100	2e-09
0	0.4027997	0.22443277	0	-2.1625578e-17	-2.5847794e-17	0	3.1415927	1.5707964	0	3.1415927	0.99231005	-0.010120869	0	0.99007493	-0.070023105	0	-0.0003999139	0.9996828	0	0.99085397	-0.057422508	0	-0.95884037	0.26004758	0	0.66	100	2e-09
0	0.63838017	0.00894597	0	-2.1598582e-17	-2.584778e-17	0	3.1415927	1.5707964	0	4.712389	0.9922726	0.014151492	0	0.99202305	0.033243194	0	-0.0007440337	0.9996822	0	0.99194247	-0.033182558	0	0.216407	-0.96916443	0	0.66	100	2e-09
0	0.5618249	0.53825337	0	-2.1735593e-17	-2.5847778e-17	0	3.1415927	1.5707964	1.5707964	0	0.9687737	0.21984531	0	0.95555747	0.2720899	0	-0.0008748256	0.99968183	0	-0.085222214	0.9890761	0	0.97089046	0.21057361	0	0.66	100	2e-09
0	0.3868384	0.6695768	0	-2.1757633e-17	-2.5847788e-17	0	3.1415927	1.5707964	1.5707964	1.5707964	0.97101337	0.20940843	0	0.9788951	0.16691858	0	-0.000652977	0.9996824	0	-0.12497306	0.9849665	0	0.10990948	0.98690796	0	0.66	100	2e-09
0	0.16930857	0.48257253	0	-2.166801e-17	-2.5847798e-17	0	3.1415927	1.5707964	1.5707964	3.1415927	0.9677503	0.22438408	0	0.99198085	-0.027975366	0	-0.0005863273	0.9996828	0	-0.1474843	0.98195195	0	-0.9651178	0.23481934	0	0.66	100	2e-09
0	0.4023703	0.26569596	0	-2.1627875e-17	-2.5847784e-17	0	3.1415927	1.5707964	1.5707964	4.712389	0.96339566	0.24295579	0	0.98941934	0.07832369	0	-0.0009174853	0.9996822	0	-0.091473475	0.98854744	0	0.1514276	-0.9810294	0	0.66	100	2e-09
0	0.38088718	0.29768202	0	-2.1768092e-17	-2.584777e-17	0	3.1415927	1.5707964	3.1415927	0	0.992719	-0.019698596	0	0.9422876	0.31597695	0	-0.0006433046	0.9996818	0	-0.9912245	-0.05900259	0	0.9612973	0.2514527	0	0.66	100	2e-09
0	0.21255292	0.41879186	0	-2.1803576e-17	-2.5847784e-17	0	3.1415927	1.5707964	3.1415927	1.5707964	0.9924793	-0.028858276	0	0.97262144	0.20134574	0	-0.0004294069	0.9996823	0	-0.9907305	-0.067176044	0	0.08882371	0.9889656	0	0.66	100	2e-09
0	0.0076104538	0.24746309	0	-2.1713056e-17	-2.5847793e-17	0	3.1415927	1.5707964	3.1415927	3.1415927	0.99267864	-0.019140774	0	0.99207366	0.025215965	0	-0.00037154832	0.9996826	0	-0.99195063	-0.044959515	0	-0.9543779	0.27651718	0	0.66	100	2e-09
0	0.22271052	0.023201065	0	-2.1653143e-17	-2.584778e-17	0	3.1415927	1.5707964	3.1415927	4.712389	0.9928804	-0.0011043329	0	0.9841346	0.12988375	0	-0.00069883873	0.9996821	0	-0.9925215	-0.02853098	0	0.12975794	-0.9839252	0	0.66	100	2e-09
0	0.5618898	0.057000272	0	-2.177157e-17	-2.5847773e-17	0	3.1415927	1.5707964	4.712389	0	0.96546096	-0.23255834	0	0.9594118	0.2580279	0	-0.000489919	0.9996818	0	-0.07673317	-0.98984534	0	0.9617996	0.24969532	0	0.66	100	2e-09
0	0.39001733	0.18392356	0	-2.179985e-17	-2.584778e-17	0	3.1415927	1.5707964	4.712389	1.5707964	0.9627264	-0.24371621	0	0.97938174	0.1644838	0	-0.00027762994	0.99968207	0	-0.10869972	-0.9869535	0	0.11695568	0.9861218	0	0.66	100	2e-09
0	0.17460752	0.0138590345	0	-2.169647e-17	-2.5847788e-17	0	3.1415927	1.5707964	4.712389	3.1415927	0.96233416	-0.24511494	0	0.99247074	-0.0056782137	0	-0.00020372341	0.9996824	0	-0.13533053	-0.98372906	0	-0.94623303	0.30413482	0	0.66	100	2e-09
0	0.41019294	-0.220014	0	-2.164544e-17	-2.5847778e-17	0	3.1415927	1.5707964	4.712389	4.712389	0.9670435	-0.22556004	0	0.9885311	0.090434134	0	-0.0005383343	0.99968207	0	-0.087197125	-0.98896194	0	0.1831254	-0.975664	0	0.66	100	2e-09
0	0.78486603	0.26793173	0	-2.1719144e-17	-2.5847775e-17	0	4.712389	1.5707964	0	0	0.9923459	-0.008582326	0	0.9714205	0.20677933	0	-0.00069607666	0.9996819	0	0.99021506	-0.06830796	0	0.97104514	0.21008763	0	0.66	100	2e-09
0	0.62284863	0.39883476	0	-2.1732189e-17	-2.5847784e-17	0	4.712389	1.5707964	0	1.5707964	0.9921159	-0.023019973	0	0.98557276	0.120217405	0	-0.00047638337	0.9996823	0	0.98897195	-0.08476241	0	0.14805904	0.98205644	0	0.66	100	2e-09
0	0.40280068	0.22444414	0	-2.162558e-17	-2.5847794e-17	0	4.712389	1.5707964	0	3.1415927	0.9923102	-0.010100485	0	0.9900747	-0.070025645	0	-0.0003999223	0.9996827	0	0.9908555	-0.057395738	0	-0.9588372	0.26005974	0	0.66	100	2e-09
0	0.638372	0.008942373	0	-2.1598582e-17	-2.5847783e-17	0	4.712389	1.5707964	0	4.712389	0.99227256	0.014155012	0	0.9920234	0.033227485	0	-0.000744028	0.9996822	0	0.9919425	-0.033179402	0	0.21636574	-0.9691734	0	0.66	100	2e-09
0	0.5618243	0.5382727	0	-2.1735592e-17	-2.5847778e-17	0	4.712389	1.5707964	1.5707964	0	0.96876043	0.21990542	0	0.95555323	0.27210507	0	-0.00087485014	0.9996819	0	-0.08520376	0.9890775	0	0.9708863	0.21059324	0	0.66	100	2e-09
0	0.38685238	0.6695621	0	-2.1757633e-17	-2.584779e-17	0	4.712389	1.5707964	1.5707964	1.5707964	0.9710142	0.20940566	0	0.9789051	0.16685766	0	-0.0006529739	0.9996824	0	-0.12498708	0.9849648	0	0.1099827	0.9869001	0	0.66	100	2e-09
0	0.16930732	0.48256606	0	-2.1668011e-17	-2.5847798e-17	0	4.712389	1.5707964	1.5707964	3.1415927	0.967752	0.2243764	0	0.99198097	-0.027970562	0	-0.0005863287	0.9996828	0	-0.14748536	0.9819517	0	-0.96512467	0.2347898	0	0.66	100	2e-09
0	0.402354	0.26568648	0	-2.1627875e-17	-2.5847784e-17	0	4.712389	1.5707964	1.5707964	4.712389	0.9633933	0.2429654	0	0.9894226	0.07827919	0	-0.0009174716	0.9996822	0	-0.09147378	0.98854744	0	0.15134536	-0.9810417	0	0.66	100	2e-09
0	0.38089475	0.2976493	0	-2.1768092e-17	-2.5847773e-17	0	4.712389	1.5707964	3.1415927	0	0.992719	-0.019698093	0	0.9423133	0.31589872	0	-0.000643302	0.9996818	0	-0.9912214	-0.059052784	0	0.96130645	0.25141683	0	0.66	100	2e-09
0	0.21254161	0.41878814	0	-2.1803576e-17	-2.5847784e-17	0	4.712389	1.5707964	3.1415927	1.5707964	0.99247974	-0.028840978	0	0.9726246	0.20132992	0	-0.00042940068	0.9996823	0	-0.9907287	-0.067201346	0	0.088761896	0.988971	0	0.66	100	2e-09
0	0.007609957	0.2474598	0	-2.1713056e-17	-2.5847793e-17	0	4.712389	1.5707964	3.1415927	3.1415927	0.9926785	-0.01914938	0	0.9920734	0.025223725	0	-0.0003715473	0.9996826	0	-0.99195033	-0.04496642	0	-0.95438015	0.27650845	0	0.66	100	2e-09
0	0.22270152	0.023223758	0	-2.1653147e-17	-2.584778e-17	0	4.712389	1.5707964	3.1415927	4.712389	0.99288046	-0.0010699183	0	0.9841322	0.12990306	0	-0.0006988587	0.9996821	0	-0.9925234	-0.028465994	0	0.1297172	-0.9839304	0	0.66	100	2e-09
0	0.56189233	0.056997545	0	-2.177157e-17	-2.5847773e-17	0	4.712389	1.5707964	4.712389	0	0.96546304	-0.23254965	0	0.9594136	0.25802082	0	-0.00048992416	0.99968183	0	-0.07672856	-0.98984563	0	0.9618035	0.24968047	0	0.66	100	2e-09
0	0.3900135	0.18390286	0	-2.179985e-17	-2.5847783e-17	0	4.712389	1.5707964	4.712389	1.5707964	0.96271294	-0.24376997	0	0.97939026	0.16443226	0	-0.00027759912	0.9996821	0	-0.10869684	-0.9869539	0	0.11693863	0.98612356	0	0.66	100	2e-09
0	0.17460437	0.013846651	0	-2.1696468e-17	-2.584779e-17	0	4.712389	1.5707964	4.712389	3.1415927	0.962335	-0.24511158	0	0.9924707	-0.0056889523	0	-0.00020372693	0.9996824	0	-0.13533022	-0.98372906	0	-0.94624996	0.30408028	0	0.66	100	2e-09
0	0.41019705	-0.22001201	0	-2.1645442e-17	-2.5847778e-17	0	4.712389	1.5707964	4.712389	4.712389	0.9670435	-0.2255601	0	0.9885305	0.090440854	0	-0.0005383375	0.99968207	0	-0.087195404	-0.98896205	0	0.18314497	-0.97566056	0	0.66	100	2e-09
0	0.6136426	0.50545186	0	-2.1682639e-17	-2.5847788e-17	1.5707964	0	1.5707964	0	0	0.14194295	0.9826597	0	0.9822914	0.14281824	0	-0.0012237489	0.9996824	0	0.9687078	0.21970953	0	0.9764946	0.18238914	0	0.66	100	2e-09
0	0.44542998	0.6458642	0	-2.1693147e-17	-2.5847803e-17	1.5707964	0	1.5707964	0	1.5707964	0.13628213	0.98343885	0	0.9914389	0.04191718	0	-0.000997679	0.999683	0	0.968648	0.21998364	0	0.13177854	0.9842982	0	0.66	100	2e-09
0	0.2066046	0.44052723	0	-2.1605374e-17	-2.5847818e-17	1.5707964	0	1.5707964	0	3.1415927	0.08298298	0.98926574	0	0.9662506	-0.228955	0	-0.00089261745	0.99968356	0	0.96000934	0.25613448	0	-0.97532743	0.18650724	0	0.66	100	2e-09
0	0.4395234	0.23112911	0	-2.1580985e-17	-2.5847801e-17	1.5707964	0	1.5707964	0	4.712389	0.097434595	0.9879777	0	0.9871133	-0.10488267	0	-0.0012278924	0.9996829	0	0.960626	0.25372177	0	0.15367101	-0.980854	0	0.66	100	2e-09
0	0.43227535	0.6756396	0	-2.1737451e-17	-2.5847783e-17	1.5707964	0	1.5707964	1.5707964	0	0.21192384	0.97045225	0	0.9671	0.2259576	0	-0.0012739394	0.9996823	0	0.008492974	0.99262744	0	0.9751338	0.18947847	0	0.66	100	2e-09
0	0.25529474	0.8114015	0	-2.1757036e-17	-2.5847803e-17	1.5707964	0	1.5707964	1.5707964	1.5707964	0.21253899	0.97032976	0	0.9868453	0.106743	0	-0.0010450232	0.9996829	0	-0.022679014	0.99240714	0	0.10081344	0.9878449	0	0.66	100	2e-09
0	0.028542953	0.60196567	0	-2.1679785e-17	-2.5847813e-17	1.5707964	0	1.5707964	1.5707964	3.1415927	0.17256989	0.97803986	0	0.98156285	-0.1478086	0	-0.0009568428	0.9996833	0	-0.035392433	0.99206746	0	-0.9750688	0.18784635	0	0.66	100	2e-09
0	0.25750536	0.39145255	0	-2.164291e-17	-2.5847794e-17	1.5707964	0	1.5707964	1.5707964	4.712389	0.1760056	0.9774382	0	0.99209785	-0.026600381	0	-0.0012837462	0.9996826	0	0.005677681	0.9926709	0	0.11502929	-0.9859286	0	0.66	100	2e-09
0	0.2165772	0.025606923	0	-2.1830496e-17	-2.584771e-17	1.5707964	0	1.5707964	3.1415927	0	0.0195601	-0.9926921	0	0.09978149	0.9882507	0	3.55105e-05	0.99967957	0	-0.02159385	-0.99245006	0	0.9851027	0.12524652	0	0.66	100	2e-09
0	0.071990736	0.1933543	0	-2.1817653e-17	-2.5847718e-17	1.5707964	0	1.5707964	3.1415927	1.5707964	0.035124004	-0.99227285	0	0.19398944	0.9745751	0	0.0001830162	0.99967974	0	-0.053815488	-0.99126244	0	0.18447268	0.976052	0	0.66	100	2e-09
0	-0.22526908	0.032664888	0	-2.1717587e-17	-2.5847713e-17	1.5707964	0	1.5707964	3.1415927	3.1415927	-0.038000885	-0.9922363	0	-0.022090107	0.992432	0	0.00034525504	0.99967957	0	-0.08566977	-0.989029	0	-0.9809299	0.15247816	0	0.66	100	2e-09
0	-0.004118111	-0.19446187	0	-2.1743414e-17	-2.5847708e-17	1.5707964	0	1.5707964	3.1415927	4.712389	-0.055042934	-0.99143964	0	-0.12567076	0.98493373	0	0.00013090395	0.99967927	0	-0.035951134	-0.9919971	0	0.19594334	-0.9734855	0	0.66	100	2e-09
0	0.21647264	0.025536535	0	-2.1830492e-17	-2.5847713e-17	1.5707964	0	1.5707964	4.712389	0	0.019255621	-0.99269813	0	0.09941819	0.98828614	0	3.5660396e-05	0.9996795	0	-0.0214958	-0.992452	0	0.9851495	0.12486711	0	0.66	100	2e-09
0	0.07199284	0.19335407	0	-2.1817653e-17	-2.5847718e-17	1.5707964	0	1.5707964	4.712389	1.5707964	0.035127357	-0.9922726	0	0.19399372	0.97457427	0	0.00018301344	0.99967974	0	-0.05381526	-0.99126244	0	0.18447535	0.9760515	0	0.66	100	2e-09
0	-0.22526866	0.032665048	0	-2.1717584e-17	-2.5847713e-17	1.5707964	0	1.5707964	4.712389	3.1415927	-0.038000982	-0.9922363	0	-0.022089077	0.992432	0	0.00034525443	0.99967957	0	-0.08566877	-0.9890291	0	-0.98092985	0.15247902	0	0.66	100	2e-09
0	-0.0041258	-0.1944634	0	-2.1743414e-17	-2.5847708e-17	1.5707964	0	1.5707964	4.712389	4.712389	-0.055034544	-0.9914402	0	-0.12566818	0.984934	0	0.0001309072	0.99967927	0	-0.035960432	-0.99199694	0	0.19590326	-0.9734933	0	0.66	100	2e-09
0	0.3808266	0.15985633	0	-2.1752498e-17	-2.5847717e-17	1.5707964	1.5707964	1.5707964	0	0	-0.09321424	-0.98846245	0	0.06045714	0.9912968	0	-5.2810916e-05	0.99967957	0	0.94842297	-0.29720232	0	0.98851997	0.093969986	0	0.66	100	2e-09
0	0.24863453	0.31984583	0	-2.172469e-17	-2.5847722e-17	1.5707964	1.5707964	1.5707964	0	1.5707964	-0.069480106	-0.99035436	0	0.16533604	0.97959656	0	9.3976625e-05	0.9996798	0	0.9274122	-0.35860163	0	0.21981058	0.9689086	0	0.66	100	2e-09
0	-0.060548827	0.1668523	0	-2.1622622e-17	-2.5847717e-17	1.5707964	1.5707964	1.5707964	0	3.1415927	-0.17565776	-0.97750014	0	-0.09381362	0.98825604	0	0.00026872515	0.9996796	0	0.95369035	-0.2791475	0	-0.98723185	0.102973476	0	0.66	100	2e-09
0	0.15995781	-0.040626373	0	-2.1670749e-17	-2.5847713e-17	1.5707964	1.5707964	1.5707964	0	4.712389	-0.19457914	-0.9739981	0	-0.18574262	0.9756825	0	4.7372047e-05	0.9996794	0	0.96530086	-0.2347822	0	0.21476258	-0.9697135	0	0.66	100	2e-09
0	0.18955274	0.41396183	0	-2.1663723e-17	-2.5847717e-17	1.5707964	1.5707964	1.5707964	1.5707964	0	-0.0042742644	-0.9929385	0	0.000568973	0.99325484	0	-0.00010475857	0.99967957	0	-0.038289588	0.9920757	0	0.98986334	0.07773757	0	0.66	100	2e-09
0	0.03555683	0.5925774	0	-2.1643426e-17	-2.5847722e-17	1.5707964	1.5707964	1.5707964	1.5707964	1.5707964	0.030003387	-0.99254686	0	0.09119842	0.9892226	0	5.5414577e-05	0.99967986	0	-0.10813301	0.9870173	0	0.16465995	0.9795139	0	0.66	100	2e-09
0	-0.28604087	0.4067645	0	-2.157117e-17	-2.5847717e-17	1.5707964	1.5707964	1.5707964	1.5707964	3.1415927	-0.12302494	-0.98543245	0	-0.18150437	0.976065	0	0.00023841907	0.9996796	0	-0.13512944	0.98381025	0	-0.990784	0.059700087	0	0.66	100	2e-09
0	-0.06614065	0.19730927	0	-2.1604381e-17	-2.5847708e-17	1.5707964	1.5707964	1.5707964	1.5707964	4.712389	-0.16037022	-0.9801035	0	-0.2624006	0.9583971	0	2.3285762e-05	0.9996795	0	-0.045404475	0.9918263	0	0.13744877	-0.9832531	0	0.66	100	2e-09
0	0.04318282	0.16985239	0	-2.1768002e-17	-2.5847713e-17	1.5707964	1.5707964	1.5707964	3.1415927	0	0.115876764	-0.9863572	0	0.06861672	0.9909421	0	1.9141367e-05	0.9996795	0	-0.9538834	-0.27850878	0	0.98528486	0.12350651	0	0.66	100	2e-09
0	-0.10620797	0.3399694	0	-2.1764298e-17	-2.5847718e-17	1.5707964	1.5707964	1.5707964	3.1415927	1.5707964	0.1258306	-0.985199	0	0.15309562	0.98176825	0	0.00017625553	0.99967974	0	-0.9536862	-0.27913854	0	0.14354385	0.9827366	0	0.66	100	2e-09
0	-0.3965529	0.18048148	0	-2.1683026e-17	-2.5847713e-17	1.5707964	1.5707964	1.5707964	3.1415927	3.1415927	0.036277827	-0.9923449	0	-0.067249365	0.99037236	0	0.00033026506	0.9996796	0	-0.96778333	-0.22363524	0	-0.9843401	0.12833558	0	0.66	100	2e-09
0	-0.19391179	-0.043696426	0	-2.1695488e-17	-2.5847705e-17	1.5707964	1.5707964	1.5707964	3.1415927	4.712389	0.024806965	-0.9926408	0	-0.1625895	0.97964925	0	0.0001220618	0.99967927	0	-0.9681892	-0.22186807	0	0.13629077	-0.9833019	0	0.66	100	2e-09
0	0.21647185	0.02553476	0	-2.1830496e-17	-2.5847713e-17	1.5707964	1.5707964	1.5707964	4.712389	0	0.019254467	-0.99269813	0	0.099415146	0.98828644	0	3.5660956e-05	0.9996795	0	-0.021496626	-0.992452	0	0.98515064	0.124857925	0	0.66	100	2e-09
0	0.07198335	0.19335528	0	-2.1817646e-17	-2.5847718e-17	1.5707964	1.5707964	1.5707964	4.712389	1.5707964	0.035115343	-0.9922731	0	0.19397807	0.97457725	0	0.00018302495	0.99967974	0	-0.053816065	-0.99126244	0	0.18445642	0.976055	0	0.66	100	2e-09
0	-0.22526471	0.032683756	0	-2.1717587e-17	-2.5847717e-17	1.5707964	1.5707964	1.5707964	4.712389	3.1415927	-0.038000453	-0.9922363	0	-0.022076242	0.99243224	0	0.00034525633	0.9996796	0	-0.085676394	-0.9890284	0	-0.9809157	0.15257162	0	0.66	100	2e-09
0	-0.0041138832	-0.19446178	0	-2.1743414e-17	-2.5847708e-17	1.5707964	1.5707964	1.5707964	4.712389	4.712389	-0.055027146	-0.9914406	0	-0.12565252	0.98493594	0	0.00013089375	0.99967927	0	-0.03595828	-0.99199694	0	0.19593763	-0.9734867	0	0.66	100	2e-09
0	0.00045907215	0.22145937	0	-2.1753902e-17	-2.5847745e-17	1.5707964	3.1415927	1.5707964	0	0	-0.992649	0.022898024	0	-0.9735452	0.1945664	0	0.00030224337	0.99968076	0	0.99082434	0.065532856	0	0.977363	-0.17538108	0	0.66	100	2e-09
0	-0.20230535	0.43675324	0	-2.1698982e-17	-2.5847746e-17	1.5707964	3.1415927	1.5707964	0	1.5707964	-0.9929136	0.0043108785	0	-0.98301274	0.13524365	0	0.00060766324	0.9996807	0	0.99156255	0.05245659	0	-0.027770704	0.9920744	0	0.66	100	2e-09
0	-0.3925452	0.1611897	0	-2.1773794e-17	-2.5847756e-17	1.5707964	3.1415927	1.5707964	0	3.1415927	-0.99264735	0.02500916	0	-0.98755705	-0.10241611	0	0.0006154856	0.99968123	0	0.98920053	0.08706761	0	-0.9723374	-0.20339331	0	0.66	100	2e-09
0	-0.20808427	0.024950568	0	-2.1811601e-17	-2.5847755e-17	1.5707964	3.1415927	1.5707964	0	4.712389	-0.99228764	0.03634843	0	-0.99273145	-0.012463379	0	0.0003764352	0.999681	0	0.9886847	0.0930368	0	-0.044463404	-0.9918501	0	0.66	100	2e-09
0	-0.17027782	0.45009488	0	-2.1750114e-17	-2.5847751e-17	1.5707964	3.1415927	1.5707964	1.5707964	0	-0.96493757	0.23465805	0	-0.96863	0.2190462	0	0.00014194535	0.99968094	0	0.107333064	0.98709863	0	0.97470343	-0.1900093	0	0.66	100	2e-09
0	-0.39260322	0.67114466	0	-2.1704842e-17	-2.5847755e-17	1.5707964	3.1415927	1.5707964	1.5707964	1.5707964	-0.9696971	0.21376729	0	-0.9792641	0.16176423	0	0.00045426292	0.999681	0	0.06136349	0.99087816	0	-0.07587253	0.9896327	0	0.66	100	2e-09
0	-0.57649493	0.3901593	0	-2.1792224e-17	-2.5847761e-17	1.5707964	3.1415927	1.5707964	1.5707964	3.1415927	-0.967967	0.22183856	0	-0.99095136	-0.061837494	0	0.00046717614	0.9996815	0	0.04894677	0.99158967	0	-0.9729704	-0.20047574	0	0.66	100	2e-09
0	-0.38989598	0.25004116	0	-2.1821122e-17	-2.5847756e-17	1.5707964	3.1415927	1.5707964	1.5707964	4.712389	-0.96473026	0.23570023	0	-0.9927682	0.015480674	0	0.00023205587	0.99968123	0	0.08390567	0.98932856	0	-0.07611894	-0.9899849	0	0.66	100	2e-09
0	-0.38996008	0.24723123	0	-2.1684136e-17	-2.5847741e-17	1.5707964	3.1415927	1.5707964	3.1415927	0	-0.9923019	0.015223201	0	-0.94984883	0.2920335	0	0.0003162512	0.99968064	0	-0.98943985	0.079084426	0	0.9814739	-0.14986554	0	0.66	100	2e-09
0	-0.6103852	0.4522544	0	-2.1660972e-17	-2.5847745e-17	1.5707964	3.1415927	1.5707964	3.1415927	1.5707964	-0.99238425	-0.009341669	0	-0.9666055	0.22702146	0	0.0006370603	0.99968064	0	-0.9909547	0.056520775	0	-0.10261815	0.9873909	0	0.66	100	2e-09
0	-0.7905423	0.18697256	0	-2.1743169e-17	-2.5847755e-17	1.5707964	3.1415927	1.5707964	3.1415927	3.1415927	-0.99230355	0.016370093	0	-0.9927893	-0.012913846	0	0.0006564345	0.999681	0	-0.98825496	0.09347085	0	-0.9800202	-0.16174544	0	0.66	100	2e-09
0	-0.61502945	0.04294853	0	-2.1755978e-17	-2.5847751e-17	1.5707964	3.1415927	1.5707964	3.1415927	4.712389	-0.99188966	0.033102173	0	-0.9912236	0.05833506	0	0.0004156698	0.99968094	0	-0.98649013	0.1109345	0	-0.10595974	-0.98731005	0	0.66	100	2e-09
0	-0.16480917	-0.014684648	0	-2.1709913e-17	-2.5847733e-17	1.5707964	3.1415927	1.5707964	4.712389	0	-0.96965176	-0.21597822	0	-0.95780474	0.26318207	0	0.0005033623	0.99968034	0	0.1192872	-0.9856535	0	0.9836202	-0.1346538	0	0.66	100	2e-09
0	-0.3835671	0.19363455	0	-2.1674124e-17	-2.5847733e-17	1.5707964	3.1415927	1.5707964	4.712389	1.5707964	-0.9654039	-0.23479429	0	-0.9717295	0.20236015	0	0.00081128196	0.99968034	0	0.06505887	-0.99056554	0	-0.04657222	0.99149215	0	0.66	100	2e-09
0	-0.57731706	-0.083189435	0	-2.1741422e-17	-2.5847746e-17	1.5707964	3.1415927	1.5707964	4.712389	3.1415927	-0.9716015	-0.20680366	0	-0.99116606	-0.05694137	0	0.0008401031	0.9996807	0	0.05548348	-0.9911154	0	-0.9801409	-0.16076753	0	0.66	100	2e-09
0	-0.386122	-0.22949119	0	-2.176432e-17	-2.5847745e-17	1.5707964	3.1415927	1.5707964	4.712389	4.712389	-0.97397923	-0.1949339	0	-0.99246836	0.026242115	0	0.000594439	0.9996807	0	0.10021266	-0.9876991	0	-0.06496956	-0.9907458	0	0.66	100	2e-09
0	0.00042077218	0.22139192	0	-2.1753905e-17	-2.5847746e-17	1.5707964	4.712389	1.5707964	0	0	-0.99264276	0.02317061	0	-0.9736176	0.19419676	0	0.00030218618	0.9996807	0	0.99080175	0.06588237	0	0.9772604	-0.17597091	0	0.66	100	2e-09
0	-0.2022972	0.43675748	0	-2.1698982e-17	-2.5847746e-17	1.5707964	4.712389	1.5707964	0	1.5707964	-0.9929136	0.004307964	0	-0.98300934	0.13526756	0	0.0006076511	0.9996807	0	0.99156266	0.05245578	0	-0.027733319	0.9920753	0	0.66	100	2e-09
0	-0.3925452	0.16119502	0	-2.1773794e-17	-2.5847756e-17	1.5707964	4.712389	1.5707964	0	3.1415927	-0.99264723	0.025014887	0	-0.98755825	-0.10240396	0	0.00061547593	0.9996812	0	0.98919845	0.08709215	0	-0.9723342	-0.2034092	0	0.66	100	2e-09
0	-0.20808281	0.02494843	0	-2.1811601e-17	-2.5847755e-17	1.5707964	4.712389	1.5707964	0	4.712389	-0.9922876	0.03635068	0	-0.9927312	-0.012477278	0	0.00037643695	0.99968106	0	0.98868465	0.09303809	0	-0.04445629	-0.9918504	0	0.66	100	2e-09
0	-0.17027849	0.45009354	0	-2.1750114e-17	-2.584775e-17	1.5707964	4.712389	1.5707964	1.5707964	0	-0.96493906	0.23465183	0	-0.96863085	0.21904187	0	0.0001419496	0.9996809	0	0.10733152	0.9870987	0	0.9747041	-0.19000588	0	0.66	100	2e-09
0	-0.39261478	0.6711391	0	-2.1704844e-17	-2.5847755e-17	1.5707964	4.712389	1.5707964	1.5707964	1.5707964	-0.96969664	0.21376957	0	-0.97926843	0.16173758	0	0.00045427776	0.99968106	0	0.061358564	0.9908786	0	-0.0759216	0.98962903	0	0.66	100	2e-09
0	-0.5764902	0.3901518	0	-2.1792224e-17	-2.5847765e-17	1.5707964	4.712389	1.5707964	1.5707964	3.1415927	-0.96796423	0.2218507	0	-0.9909519	-0.061829988	0	0.00046716104	0.9996815	0	0.048956536	0.99158925	0	-0.972959	-0.20053236	0	0.66	100	2e-09
0	-0.389894	0.2500491	0	-2.1821124e-17	-2.584776e-17	1.5707964	4.712389	1.5707964	1.5707964	4.712389	-0.96472824	0.2357092	0	-0.9927677	0.01551186	0	0.00023204218	0.99968123	0	0.083901905	0.9893289	0	-0.076108	-0.98998576	0	0.66	100	2e-09
0	-0.38996044	0.24723938	0	-2.1684136e-17	-2.5847745e-17	1.5707964	4.712389	1.5707964	3.1415927	0	-0.9923016	0.01524707	0	-0.9498504	0.29202825	0	0.0003162348	0.99968064	0	-0.9894358	0.07913831	0	0.98146915	-0.14989728	0	0.66	100	2e-09
0	-0.61038697	0.45225194	0	-2.1660975e-17	-2.5847745e-17	1.5707964	4.712389	1.5707964	3.1415927	1.5707964	-0.99238425	-0.009344056	0	-0.9666065	0.22701672	0	0.00063706486	0.99968064	0	-0.9909549	0.056516476	0	-0.10262615	0.9873901	0	0.66	100	2e-09
0	-0.7905425	0.18698198	0	-2.1743172e-17	-2.5847751e-17	1.5707964	4.712389	1.5707964	3.1415927	3.1415927	-0.9923034	0.016375616	0	-0.9927894	-0.012907086	0	0.0006564318	0.999681	0	-0.98825324	0.09348807	0	-0.980023	-0.16172786	0	0.66	100	2e-09
0	-0.615016	0.04292493	0	-2.175598e-17	-2.5847755e-17	1.5707964	4.712389	1.5707964	3.1415927	4.712389	-0.99189126	0.033052567	0	-0.9912217	0.05836641	0	0.00041567883	0.99968094	0	-0.98650014	0.11084275	0	-0.10588289	-0.987318	0	0.66	100	2e-09
0	-0.16480571	-0.014687883	0	-2.1709913e-17	-2.5847732e-17	1.5707964	4.712389	1.5707964	4.712389	0	-0.9696465	-0.21600309	0	-0.9577986	0.26320538	0	0.0005033602	0.99968034	0	0.119294934	-0.9856527	0	0.98361826	-0.13466936	0	0.66	100	2e-09
0	-0.38357702	0.19362801	0	-2.1674122e-17	-2.5847733e-17	1.5707964	4.712389	1.5707964	4.712389	1.5707964	-0.96540636	-0.23478396	0	-0.97173816	0.2023188	0	0.0008112995	0.9996802	0	0.0650612	-0.9905653	0	-0.046613086	0.9914903	0	0.66	100	2e-09
0	-0.57731366	-0.0831893	0	-2.1741418e-17	-2.5847746e-17	1.5707964	4.712389	1.5707964	4.712389	3.1415927	-0.97160196	-0.20680124	0	-0.9911665	-0.056936055	0	0.0008400986	0.9996807	0	0.055499803	-0.9911145	0	-0.98013973	-0.16077544	0	0.66	100	2e-09
0	-0.38611266	-0.22948678	0	-2.1764325e-17	-2.5847741e-17	1.5707964	4.712389	1.5707964	4.712389	4.712389	-0.9739795	-0.19493337	0	-0.992468	0.026252015	0	0.000594438	0.9996807	0	0.100303054	-0.9876902	0	-0.065013245	-0.99074304	0	0.66	100	2e-09
0	-0.06420285	0.22239922	0	-2.1631033e-17	-2.5847818e-17	3.1415927	0	1.5707964	0	0	-0.9870269	0.110501654	0	-0.13986382	-0.9821479	0	0.0003612715	0.9996836	0	0.9928814	0.008925311	0	-0.1873662	0.97503346	0	0.66	100	2e-09
0	-0.0641086	0.22242951	0	-2.1631033e-17	-2.5847818e-17	3.1415927	0	1.5707964	0	1.5707964	-0.9870116	0.11064244	0	-0.13943034	-0.9822096	0	0.00036091305	0.9996836	0	0.9928807	0.008993104	0	-0.1873427	0.975038	0	0.66	100	2e-09
0	-0.3925361	0.16118759	0	-2.1773794e-17	-2.5847756e-17	3.1415927	0	1.5707964	0	3.1415927	-0.99264735	0.0250073	0	-0.98758	-0.10219149	0	0.0006153593	0.99968123	0	0.9891852	0.08724689	0	-0.9722536	-0.20380592	0	0.66	100	2e-09
0	-0.20808427	0.024945159	0	-2.1811601e-17	-2.5847755e-17	3.1415927	0	1.5707964	0	4.712389	-0.99228776	0.036346722	0	-0.9927313	-0.012465389	0	0.0003764389	0.9996812	0	0.9886869	0.09301338	0	-0.044465564	-0.99185	0	0.66	100	2e-09
0	-0.17027558	0.45010272	0	-2.1750114e-17	-2.584775e-17	3.1415927	0	1.5707964	1.5707964	0	-0.9649332	0.23467614	0	-0.96862644	0.21906224	0	0.00014193216	0.99968094	0	0.1073354	0.9870984	0	0.9747044	-0.19000407	0	0.66	100	2e-09
0	-0.39262867	0.67113274	0	-2.1704844e-17	-2.5847755e-17	3.1415927	0	1.5707964	1.5707964	1.5707964	-0.9696974	0.21376647	0	-0.97927266	0.16171147	0	0.00045429496	0.99968106	0	0.061344735	0.9908793	0	-0.07597223	0.98962533	0	0.66	100	2e-09
0	-0.5764941	0.39016032	0	-2.1792224e-17	-2.5847765e-17	3.1415927	0	1.5707964	1.5707964	3.1415927	-0.9679668	0.22183989	0	-0.99095213	-0.061824743	0	0.00046717128	0.99968135	0	0.048949838	0.99158967	0	-0.9729687	-0.20048447	0	0.66	100	2e-09
0	-0.3898977	0.2500406	0	-2.1821124e-17	-2.5847761e-17	3.1415927	0	1.5707964	1.5707964	4.712389	-0.9647308	0.23569842	0	-0.9927682	0.015479049	0	0.00023205894	0.99968135	0	0.0839135	0.98932797	0	-0.07613527	-0.98998374	0	0.66	100	2e-09
0	-0.38995966	0.24724117	0	-2.1684136e-17	-2.5847741e-17	3.1415927	0	1.5707964	3.1415927	0	-0.9923017	0.015241867	0	-0.94984806	0.29203603	0	0.00031623628	0.99968064	0	-0.9894364	0.07912848	0	0.9814716	-0.14988115	0	0.66	100	2e-09
0	-0.61038256	0.452243	0	-2.1660975e-17	-2.5847741e-17	3.1415927	0	1.5707964	3.1415927	1.5707964	-0.9923839	-0.0093788095	0	-0.9665997	0.22704646	0	0.0006370683	0.99968064	0	-0.99095726	0.056474984	0	-0.10260925	0.98739177	0	0.66	100	2e-09
0	-0.7905429	0.18697502	0	-2.1743169e-17	-2.5847751e-17	3.1415927	0	1.5707964	3.1415927	3.1415927	-0.99230367	0.016364615	0	-0.9927894	-0.012908051	0	0.0006564379	0.99968106	0	-0.9882552	0.0934674	0	-0.98002267	-0.16172987	0	0.66	100	2e-09
0	-0.6150329	0.042956695	0	-2.1755978e-17	-2.5847751e-17	3.1415927	0	1.5707964	3.1415927	4.712389	-0.991889	0.033119597	0	-0.9912241	0.0583253	0	0.0004156654	0.99968094	0	-0.98648685	0.11096553	0	-0.10598031	-0.9873079	0	0.66	100	2e-09
0	-0.16480668	-0.014684181	0	-2.1709913e-17	-2.5847732e-17	3.1415927	0	1.5707964	4.712389	0	-0.9696489	-0.2159919	0	-0.9578001	0.2632	0	0.0005033595	0.99968034	0	0.11929228	-0.98565286	0	0.98362	-0.13465635	0	0.66	100	2e-09
0	-0.38357967	0.19362752	0	-2.1674122e-17	-2.5847733e-17	3.1415927	0	1.5707964	4.712389	1.5707964	-0.9654041	-0.23479386	0	-0.9717363	0.20232745	0	0.0008113006	0.99968034	0	0.06504205	-0.9905666	0	-0.046611343	0.99149036	0	0.66	100	2e-09
0	-0.57731533	-0.08319195	0	-2.1741422e-17	-2.5847745e-17	3.1415927	0	1.5707964	4.712389	3.1415927	-0.9716023	-0.20679952	0	-0.99116594	-0.05694396	0	0.00084009924	0.99968076	0	0.055490088	-0.991115	0	-0.9801386	-0.16078202	0	0.66	100	2e-09
0	-0.38610587	-0.22948845	0	-2.1764323e-17	-2.5847745e-17	3.1415927	0	1.5707964	4.712389	4.712389	-0.9739804	-0.19492826	0	-0.9924685	0.026234996	0	0.0005944398	0.9996807	0	0.10033912	-0.9876867	0	-0.06501395	-0.990743	0	0.66	100	2e-09
0	0.16676855	0.38928682	0	-2.175621e-17	-2.5847728e-17	3.1415927	1.5707964	1.5707964	0	0	-0.99009883	-0.07369961	0	-0.16085686	0.9799551	0	-0.00041746063	0.99968016	0	0.9929041	0.007789229	0	0.9923116	0.03270903	0	0.66	100	2e-09
0	0.030125257	0.5688789	0	-2.1714267e-17	-2.5847736e-17	3.1415927	1.5707964	1.5707964	0	1.5707964	-0.987491	-0.10331006	0	-0.06247402	0.9907055	0	-0.0002593487	0.9996804	0	0.99281657	-0.014126335	0	0.20803407	0.9714451	0	0.66	100	2e-09
0	-0.39255565	0.16120459	0	-2.1773794e-17	-2.5847755e-17	3.1415927	1.5707964	1.5707964	0	3.1415927	-0.99265057	0.024881886	0	-0.9875685	-0.10230413	0	0.00061557087	0.99968123	0	0.98921466	0.08690195	0	-0.9723894	-0.20313801	0	0.66	100	2e-09
0	-0.20808484	0.024938393	0	-2.1811601e-17	-2.5847755e-17	3.1415927	1.5707964	1.5707964	0	4.712389	-0.9922878	0.03634342	0	-0.9927314	-0.012466617	0	0.00037644402	0.99968106	0	0.9886895	0.09298385	0	-0.044471	-0.99184984	0	0.66	100	2e-09
0	-0.17027698	0.45010248	0	-2.1750114e-17	-2.5847751e-17	3.1415927	1.5707964	1.5707964	1.5707964	0	-0.9649385	0.23465405	0	-0.96862715	0.2190588	0	0.00014194447	0.9996809	0	0.10732997	0.98709905	0	0.97470886	-0.18998039	0	0.66	100	2e-09
0	-0.3925733	0.67115927	0	-2.1704842e-17	-2.5847755e-17	3.1415927	1.5707964	1.5707964	1.5707964	1.5707964	-0.9696988	0.21375962	0	-0.97925246	0.1618354	0	0.00045422398	0.99968106	0	0.06137417	0.9908775	0	-0.0757438	0.9896424	0	0.66	100	2e-09
0	-0.5764928	0.39013267	0	-2.1792222e-17	-2.5847765e-17	3.1415927	1.5707964	1.5707964	1.5707964	3.1415927	-0.96796525	0.2218467	0	-0.99094564	-0.061930113	0	0.00046718642	0.9996815	0	0.04894014	0.99158996	0	-0.97296053	-0.20052485	0	0.66	100	2e-09
0	-0.38988575	0.25005183	0	-2.1821124e-17	-2.584776e-17	3.1415927	1.5707964	1.5707964	1.5707964	4.712389	-0.9647265	0.23571643	0	-0.99276763	0.015520935	0	0.00023202824	0.99968123	0	0.08387029	0.98933154	0	-0.07603707	-0.989991	0	0.66	100	2e-09
0	-0.38995722	0.24725309	0	-2.1684138e-17	-2.5847741e-17	3.1415927	1.5707964	1.5707964	3.1415927	0	-0.9923016	0.015240977	0	-0.94983935	0.29206496	0	0.0003162228	0.99968064	0	-0.9894353	0.07914273	0	0.98147416	-0.1498638	0	0.66	100	2e-09
0	-0.61038303	0.4522459	0	-2.1660972e-17	-2.5847741e-17	3.1415927	1.5707964	1.5707964	3.1415927	1.5707964	-0.99238396	-0.0093683405	0	-0.966601	0.22704038	0	0.00063706585	0.99968064	0	-0.99095666	0.056484915	0	-0.10261041	0.98739165	0	0.66	100	2e-09
0	-0.7905471	0.18696713	0	-2.1743172e-17	-2.5847755e-17	3.1415927	1.5707964	1.5707964	3.1415927	3.1415927	-0.99230456	0.0163033	0	-0.99278975	-0.012878947	0	0.000656475	0.99968106	0	-0.98826265	0.09338546	0	-0.9800347	-0.1616552	0	0.66	100	2e-09
0	-0.615034	0.042946488	0	-2.175598e-17	-2.5847751e-17	3.1415927	1.5707964	1.5707964	3.1415927	4.712389	-0.9918897	0.033096123	0	-0.9912237	0.058333173	0	0.00041567607	0.99968094	0	-0.9864906	0.11092998	0	-0.10598145	-0.98730785	0	0.66	100	2e-09
0	-0.16480812	-0.014698602	0	-2.1709913e-17	-2.5847732e-17	3.1415927	1.5707964	1.5707964	4.712389	0	-0.969653	-0.21597312	0	-0.9578139	0.26314813	0	0.00050336996	0.99968034	0	0.11930837	-0.9856511	0	0.9836144	-0.13469726	0	0.66	100	2e-09
0	-0.3835756	0.19362965	0	-2.167412e-17	-2.5847733e-17	3.1415927	1.5707964	1.5707964	4.712389	1.5707964	-0.9654047	-0.23479085	0	-0.971735	0.20233393	0	0.000811295	0.9996802	0	0.06505266	-0.99056584	0	-0.046602003	0.9914907	0	0.66	100	2e-09
0	-0.5773132	-0.08319087	0	-2.1741422e-17	-2.5847746e-17	3.1415927	1.5707964	1.5707964	4.712389	3.1415927	-0.9716025	-0.20679908	0	-0.99116623	-0.056939237	0	0.00084009743	0.9996807	0	0.05550129	-0.9911145	0	-0.9801386	-0.16078243	0	0.66	100	2e-09
0	-0.3861117	-0.2294889	0	-2.1764321e-17	-2.5847741e-17	3.1415927	1.5707964	1.5707964	4.712389	4.712389	-0.97397983	-0.19493105	0	-0.99246836	0.026240515	0	0.0005944393	0.9996807	0	0.10029665	-0.98769075	0	-0.06500143	-0.9907439	0	0.66	100	2e-09
0	0.00046449018	0.22147821	0	-2.1753905e-17	-2.5847745e-17	3.1415927	3.1415927	1.5707964	0	0	-0.9926495	0.022881102	0	-0.97354007	0.19459164	0	0.00030225603	0.9996807	0	0.99082637	0.06550105	0	0.97738355	-0.17526346	0	0.66	100	2e-09
0	-0.20230441	0.43675363	0	-2.1698982e-17	-2.5847745e-17	3.1415927	3.1415927	1.5707964	0	1.5707964	-0.9929136	0.004310353	0	-0.98301226	0.13524629	0	0.00060766196	0.9996807	0	0.99156255	0.052456126	0	-0.027766481	0.9920745	0	0.66	100	2e-09
0	-0.39254466	0.16119039	0	-2.1773793e-17	-2.5847756e-17	3.1415927	3.1415927	1.5707964	0	3.1415927	-0.99264723	0.02501337	0	-0.98755735	-0.10241247	0	0.0006154786	0.99968123	0	0.98919904	0.0870842	0	-0.9723332	-0.20341441	0	0.66	100	2e-09
0	-0.20808294	0.024947418	0	-2.1811601e-17	-2.5847755e-17	3.1415927	3.1415927	1.5707964	0	4.712389	-0.9922875	0.03635017	0	-0.99273115	-0.012477096	0	0.00037643756	0.99968106	0	0.98868495	0.09303331	0	-0.044457376	-0.9918503	0	0.66	100	2e-09
0	-0.17027521	0.4501069	0	-2.1750114e-17	-2.584775e-17	3.1415927	3.1415927	1.5707964	1.5707964	0	-0.9649374	0.23465842	0	-0.9686243	0.21907145	0	0.00014193812	0.9996809	0	0.10733383	0.9870985	0	0.97471	-0.18997476	0	0.66	100	2e-09
0	-0.3925892	0.6711514	0	-2.1704845e-17	-2.5847755e-17	3.1415927	3.1415927	1.5707964	1.5707964	1.5707964	-0.9696978	0.21376427	0	-0.9792588	0.16179672	0	0.00045424484	0.99968106	0	0.061369237	0.99087787	0	-0.075813055	0.98963726	0	0.66	100	2e-09
0	-0.5764936	0.39015996	0	-2.179222e-17	-2.5847765e-17	3.1415927	3.1415927	1.5707964	1.5707964	3.1415927	-0.96796626	0.22184205	0	-0.99095213	-0.061825484	0	0.00046717003	0.9996815	0	0.048951074	0.99158955	0	-0.9729679	-0.20048785	0	0.66	100	2e-09
0	-0.38989872	0.25004274	0	-2.1821125e-17	-2.584776e-17	3.1415927	3.1415927	1.5707964	1.5707964	4.712389	-0.96473044	0.23570003	0	-0.99276817	0.015487732	0	0.00023205695	0.99968123	0	0.08391851	0.9893276	0	-0.07614566	-0.98998296	0	0.66	100	2e-09
0	-0.3899608	0.2472399	0	-2.1684136e-17	-2.5847741e-17	3.1415927	3.1415927	1.5707964	3.1415927	0	-0.9923014	0.015253407	0	-0.94985306	0.2920193	0	0.0003162365	0.99968064	0	-0.9894355	0.079140775	0	0.98146963	-0.14989465	0	0.66	100	2e-09
0	-0.61038435	0.45225143	0	-2.1660975e-17	-2.5847745e-17	3.1415927	3.1415927	1.5707964	3.1415927	1.5707964	-0.9923842	-0.009351382	0	-0.9666037	0.22702853	0	0.00063706236	0.99968064	0	-0.9909553	0.056508377	0	-0.10261556	0.9873911	0	0.66	100	2e-09
0	-0.7905425	0.18698107	0	-2.1743172e-17	-2.5847751e-17	3.1415927	3.1415927	1.5707964	3.1415927	3.1415927	-0.99230343	0.016374636	0	-0.9927893	-0.012907842	0	0.00065643236	0.999681	0	-0.9882535	0.09348616	0	-0.98002285	-0.16172868	0	0.66	100	2e-09
0	-0.61503637	0.04294354	0	-2.175598e-17	-2.584775e-17	3.1415927	3.1415927	1.5707964	3.1415927	4.712389	-0.99189	0.03308898	0	-0.9912237	0.058332853	0	0.00041568145	0.999681	0	-0.98649156	0.11092157	0	-0.10599227	-0.98730665	0	0.66	100	2e-09
0	-0.16480961	-0.014689037	0	-2.1709916e-17	-2.5847732e-17	3.1415927	3.1415927	1.5707964	4.712389	0	-0.9696529	-0.21597306	0	-0.95780885	0.2631671	0	0.00050336565	0.99968034	0	0.11929176	-0.98565286	0	0.9836185	-0.13466652	0	0.66	100	2e-09
0	-0.38357738	0.19362757	0	-2.1674122e-17	-2.5847732e-17	3.1415927	3.1415927	1.5707964	4.712389	1.5707964	-0.9654069	-0.23478195	0	-0.971739	0.2023146	0	0.00081130036	0.9996802	0	0.06506401	-0.9905652	0	-0.046616327	0.9914901	0	0.66	100	2e-09
0	-0.57732123	-0.08319489	0	-2.1741418e-17	-2.5847746e-17	3.1415927	3.1415927	1.5707964	4.712389	3.1415927	-0.9716015	-0.20680347	0	-0.9911646	-0.056967452	0	0.0008401096	0.9996807	0	0.055460915	-0.9911165	0	-0.9801409	-0.16076764	0	0.66	100	2e-09
0	-0.38611662	-0.22949013	0	-2.1764321e-17	-2.5847745e-17	3.1415927	3.1415927	1.5707964	4.712389	4.712389	-0.97397953	-0.19493243	0	-0.9924683	0.026240878	0	0.0005944393	0.9996807	0	0.10025552	-0.98769486	0	-0.06498528	-0.9907447	0	0.66	100	2e-09
0	0.0004211238	0.22139251	0	-2.1753905e-17	-2.5847745e-17	3.1415927	4.712389	1.5707964	0	0	-0.99264294	0.023166575	0	-0.9736159	0.19420531	0	0.0003021843	0.9996807	0	0.9908018	0.06588054	0	0.9772605	-0.17597057	0	0.66	100	2e-09
0	-0.20229231	0.43676233	0	-2.1698979e-17	-2.5847746e-17	3.1415927	4.712389	1.5707964	0	1.5707964	-0.9929136	0.004308188	0	-0.9830069	0.1352859	0	0.00060764124	0.9996807	0	0.9915624	0.05246057	0	-0.027711162	0.9920759	0	0.66	100	2e-09
0	-0.39254594	0.1612	0	-2.1773794e-17	-2.5847756e-17	3.1415927	4.712389	1.5707964	0	3.1415927	-0.99264723	0.025012981	0	-0.9875594	-0.10239348	0	0.0006154761	0.99968123	0	0.9891981	0.08709619	0	-0.97233677	-0.20339695	0	0.66	100	2e-09
0	-0.20808412	0.024935776	0	-2.1811601e-17	-2.5847755e-17	3.1415927	4.712389	1.5707964	0	4.712389	-0.9922875	0.03635155	0	-0.9927313	-0.012473441	0	0.00037644376	0.99968106	0	0.9886908	0.092969574	0	-0.044469032	-0.9918499	0	0.66	100	2e-09
0	-0.17027867	0.4500899	0	-2.1750114e-17	-2.5847751e-17	3.1415927	4.712389	1.5707964	1.5707964	0	-0.96493846	0.23465419	0	-0.968632	0.21903695	0	0.00014194925	0.9996809	0	0.107334	0.98709846	0	0.9747012	-0.19002096	0	0.66	100	2e-09
0	-0.3926157	0.6711387	0	-2.1704842e-17	-2.5847755e-17	3.1415927	4.712389	1.5707964	1.5707964	1.5707964	-0.96969664	0.21376933	0	-0.9792687	0.1617357	0	0.00045427898	0.99968106	0	0.06135753	0.9908786	0	-0.07592501	0.98962885	0	0.66	100	2e-09
0	-0.57649434	0.39015806	0	-2.1792224e-17	-2.5847761e-17	3.1415927	4.712389	1.5707964	1.5707964	3.1415927	-0.9679669	0.22183935	0	-0.99095136	-0.061836813	0	0.00046717428	0.99968135	0	0.048947994	0.99158967	0	-0.9729688	-0.20048347	0	0.66	100	2e-09
0	-0.3899	0.2500412	0	-2.1821124e-17	-2.5847761e-17	3.1415927	4.712389	1.5707964	1.5707964	4.712389	-0.9647309	0.23569791	0	-0.9927682	0.015481753	0	0.00023206082	0.99968123	0	0.08392327	0.9893271	0	-0.076156326	-0.98998225	0	0.66	100	2e-09
0	-0.38995516	0.24722898	0	-2.1684136e-17	-2.5847738e-17	3.1415927	4.712389	1.5707964	3.1415927	0	-0.9923029	0.015154154	0	-0.94981897	0.2921335	0	0.00031623142	0.99968064	0	-0.9894418	0.07905862	0	0.98147154	-0.14988202	0	0.66	100	2e-09
0	-0.61038333	0.45225483	0	-2.1660975e-17	-2.5847746e-17	3.1415927	4.712389	1.5707964	3.1415927	1.5707964	-0.99238425	-0.009344327	0	-0.9666038	0.22702794	0	0.0006370581	0.99968064	0	-0.9909549	0.05651812	0	-0.10261104	0.98739165	0	0.66	100	2e-09
0	-0.79054266	0.18698409	0	-2.1743172e-17	-2.5847755e-17	3.1415927	4.712389	1.5707964	3.1415927	3.1415927	-0.99230343	0.016376326	0	-0.9927894	-0.012904891	0	0.000656431	0.999681	0	-0.988253	0.093491375	0	-0.9800237	-0.16172338	0	0.66	100	2e-09
0	-0.61503285	0.042948917	0	-2.175598e-17	-2.5847751e-17	3.1415927	4.712389	1.5707964	3.1415927	4.712389	-0.9918896	0.033101752	0	-0.99122363	0.058332838	0	0.00041567246	0.99968094	0	-0.98648983	0.11093729	0	-0.10597698	-0.98730826	0	0.66	100	2e-09
0	-0.16480887	-0.014686218	0	-2.1709913e-17	-2.5847732e-17	3.1415927	4.712389	1.5707964	4.712389	0	-0.96965206	-0.21597677	0	-0.9578059	0.26317766	0	0.0005033631	0.99968034	0	0.11929091	-0.985653	0	0.98361945	-0.13465919	0	0.66	100	2e-09
0	-0.38358065	0.19362575	0	-2.1674122e-17	-2.5847733e-17	3.1415927	4.712389	1.5707964	4.712389	1.5707964	-0.965407	-0.23478128	0	-0.9717408	0.20230553	0	0.00081130536	0.9996802	0	0.065060325	-0.99056536	0	-0.04662721	0.99148965	0	0.66	100	2e-09
0	-0.57731473	-0.08318985	0	-2.1741422e-17	-2.5847745e-17	3.1415927	4.712389	1.5707964	4.712389	3.1415927	-0.9716017	-0.20680238	0	-0.99116635	-0.056938183	0	0.00084010017	0.99968076	0	0.05549387	-0.9911148	0	-0.9801398	-0.1607746	0	0.66	100	2e-09
0	-0.38612956	-0.22948438	0	-2.1764323e-17	-2.5847745e-17	3.1415927	4.712389	1.5707964	4.712389	4.712389	-0.97397757	-0.1949424	0	-0.9924672	0.026284123	0	0.00059443404	0.9996807	0	0.10020073	-0.9877002	0	-0.064998016	-0.99074394	0	0.66	100	2e-09
0	0.410956	-0.056008045	0	-2.1776603e-17	-2.5847756e-17	4.712389	0	1.5707964	0	0	0.20128314	-0.97239095	0	0.89291924	0.44157732	0	-0.0002919989	0.99968123	0	-0.0023714614	-0.9927414	0	0.963241	0.24383362	0	0.66	100	2e-09
0	0.24925214	0.057663817	0	-2.180628e-17	-2.5847773e-17	4.712389	0	1.5707964	0	1.5707964	0.20927794	-0.9706978	0	0.9581976	0.26439005	0	-8.555512e-05	0.99968165	0	-0.026980253	-0.99239486	0	0.10585096	0.9873399	0	0.66	100	2e-09
0	0.035694834	-0.12138658	0	-2.170904e-17	-2.5847783e-17	4.712389	0	1.5707964	0	3.1415927	0.18296678	-0.9759013	0	0.9898171	0.07151533	0	-1.9981679e-05	0.9996821	0	-0.043658886	-0.99179417	0	-0.95063084	0.28956512	0	0.66	100	2e-09
0	0.2627225	-0.34744513	0	-2.1654088e-17	-2.5847766e-17	4.712389	0	1.5707964	0	4.712389	0.18314163	-0.97588205	0	0.9705319	0.21049944	0	-0.00034757817	0.9996816	0	-0.00447531	-0.99271107	0	0.164762	-0.9788137	0	0.66	100	2e-09
0	0.18963614	0.4139823	0	-2.1663723e-17	-2.5847717e-17	4.712389	0	1.5707964	1.5707964	0	-0.0033483373	-0.9929426	0	0.0008619765	0.9932547	0	-0.00010480598	0.9996796	0	-0.039081115	0.99204534	0	0.9898529	0.07787464	0	0.66	100	2e-09
0	0.035567965	0.5925738	0	-2.1643426e-17	-2.5847722e-17	4.712389	0	1.5707964	1.5707964	1.5707964	0.030156009	-0.99254245	0	0.09124862	0.989218	0	5.5402466e-05	0.99967974	0	-0.10828593	0.9870009	0	0.16466573	0.9795129	0	0.66	100	2e-09
0	-0.28603083	0.40676746	0	-2.157117e-17	-2.5847717e-17	4.712389	0	1.5707964	1.5707964	3.1415927	-0.12298684	-0.98543715	0	-0.18147643	0.97607017	0	0.00023840781	0.99967974	0	-0.13514629	0.9838079	0	-0.9907829	0.05971669	0	0.66	100	2e-09
0	-0.06613144	0.19730982	0	-2.1604381e-17	-2.5847713e-17	4.712389	0	1.5707964	1.5707964	4.712389	-0.16035375	-0.9801062	0	-0.26238698	0.95840067	0	2.3277149e-05	0.9996794	0	-0.045401733	0.9918264	0	0.13746195	-0.9832512	0	0.66	100	2e-09
0	0.04317529	0.16984808	0	-2.1768002e-17	-2.5847713e-17	4.712389	0	1.5707964	3.1415927	0	0.11585151	-0.98636013	0	0.06860077	0.99094313	0	1.9149184e-05	0.99967957	0	-0.95388126	-0.27851602	0	0.98528636	0.12349398	0	0.66	100	2e-09
0	-0.10620959	0.33996996	0	-2.1764303e-17	-2.5847722e-17	4.712389	0	1.5707964	3.1415927	1.5707964	0.1258271	-0.98519945	0	0.15309307	0.98176867	0	0.00017625699	0.9996796	0	-0.953687	-0.2791358	0	0.14354259	0.98273665	0	0.66	100	2e-09
0	-0.39649338	0.18048993	0	-2.1683023e-17	-2.5847717e-17	4.712389	0	1.5707964	3.1415927	3.1415927	0.036391262	-0.9923409	0	-0.067093134	0.9903829	0	0.00033018523	0.99967957	0	-0.9677676	-0.22370541	0	-0.98432755	0.12843353	0	0.66	100	2e-09
0	-0.19391684	-0.043697678	0	-2.1695488e-17	-2.5847708e-17	4.712389	0	1.5707964	3.1415927	4.712389	0.024818428	-0.99264055	0	-0.1625836	0.9796502	0	0.0001220632	0.99967927	0	-0.9681889	-0.22186978	0	0.13624786	-0.98330754	0	0.66	100	2e-09
0	0.21647651	0.025538296	0	-2.1830496e-17	-2.584771e-17	4.712389	0	1.5707964	4.712389	0	0.019270955	-0.9926978	0	0.09943187	0.9882849	0	3.5654808e-05	0.9996795	0	-0.02150414	-0.9924519	0	0.9851483	0.12487677	0	0.66	100	2e-09
0	0.071996845	0.19335343	0	-2.181765e-17	-2.5847718e-17	4.712389	0	1.5707964	4.712389	1.5707964	0.03512999	-0.99227256	0	0.19399792	0.97457343	0	0.00018300903	0.99967974	0	-0.05381586	-0.99126244	0	0.1844892	0.9760489	0	0.66	100	2e-09
0	-0.2252659	0.03266896	0	-2.1717584e-17	-2.5847713e-17	4.712389	0	1.5707964	4.712389	3.1415927	-0.037992753	-0.9922366	0	-0.022078604	0.99243224	0	0.00034525048	0.99967957	0	-0.08567656	-0.9890284	0	-0.9809269	0.15249796	0	0.66	100	2e-09
0	-0.004119339	-0.19446266	0	-2.1743414e-17	-2.5847708e-17	4.712389	0	1.5707964	4.712389	4.712389	-0.05502683	-0.99144065	0	-0.12565567	0.9849356	0	0.00013089806	0.99967927	0	-0.035961367	-0.9919968	0	0.19591627	-0.9734908	0	0.66	100	2e-09
0	0.38082445	0.15988879	0	-2.1752501e-17	-2.5847713e-17	4.712389	1.5707964	1.5707964	0	0	-0.093249545	-0.98845905	0	0.06042685	0.9912986	0	-5.2817835e-05	0.9996795	0	0.9484761	-0.29702803	0	0.9885215	0.09395299	0	0.66	100	2e-09
0	0.24863361	0.31984174	0	-2.1724691e-17	-2.5847722e-17	4.712389	1.5707964	1.5707964	0	1.5707964	-0.069478326	-0.9903545	0	0.16533773	0.9795964	0	9.397846e-05	0.99967974	0	0.9274046	-0.35862172	0	0.21981016	0.9689087	0	0.66	100	2e-09
0	-0.060544003	0.16684838	0	-2.162262e-17	-2.5847717e-17	4.712389	1.5707964	1.5707964	0	3.1415927	-0.1756442	-0.9775026	0	-0.09379454	0.9882579	0	0.00026872	0.99967957	0	0.95368004	-0.2791836	0	-0.98723006	0.102990575	0	0.66	100	2e-09
0	0.15995999	-0.04062964	0	-2.1670749e-17	-2.584771e-17	4.712389	1.5707964	1.5707964	0	4.712389	-0.19458003	-0.97399783	0	-0.18574367	0.9756823	0	4.737352e-05	0.9996794	0	0.96529615	-0.23480226	0	0.21478018	-0.96970963	0	0.66	100	2e-09
0	0.18955158	0.41396183	0	-2.1663723e-17	-2.5847717e-17	4.712389	1.5707964	1.5707964	1.5707964	0	-0.0042585875	-0.9929386	0	0.0005725319	0.99325484	0	-0.00010475813	0.99967957	0	-0.038314484	0.99207467	0	0.9898633	0.07773883	0	0.66	100	2e-09
0	0.03556818	0.5925735	0	-2.1643426e-17	-2.5847722e-17	4.712389	1.5707964	1.5707964	1.5707964	1.5707964	0.030168235	-0.9925421	0	0.091252394	0.9892177	0	5.540202e-05	0.9996798	0	-0.10829975	0.98699945	0	0.16466461	0.9795131	0	0.66	100	2e-09
0	-0.286045	0.4067631	0	-2.157117e-17	-2.5847717e-17	4.712389	1.5707964	1.5707964	1.5707964	3.1415927	-0.12304492	-0.98543006	0	-0.18151803	0.9760624	0	0.00023842405	0.9996796	0	-0.13511606	0.98381203	0	-0.9907845	0.05969159	0	0.66	100	2e-09
0	-0.06613147	0.1973094	0	-2.1604378e-17	-2.5847713e-17	4.712389	1.5707964	1.5707964	1.5707964	4.712389	-0.1603412	-0.9801082	0	-0.2623834	0.9584016	0	2.327741e-05	0.9996794	0	-0.045413867	0.9918259	0	0.13745786	-0.98325175	0	0.66	100	2e-09
0	0.04317315	0.16985156	0	-2.1768002e-17	-2.584771e-17	4.712389	1.5707964	1.5707964	3.1415927	0	0.11585045	-0.9863603	0	0.06859671	0.9909434	0	1.9149094e-05	0.9996795	0	-0.95388746	-0.27849457	0	0.9852869	0.12348977	0	0.66	100	2e-09
0	-0.10621635	0.33997333	0	-2.1764298e-17	-2.5847718e-17	4.712389	1.5707964	1.5707964	3.1415927	1.5707964	0.12581381	-0.98520106	0	0.15308213	0.9817703	0	0.00017626207	0.99967974	0	-0.95369154	-0.2791197	0	0.14353764	0.9827374	0	0.66	100	2e-09
0	-0.39656565	0.18048789	0	-2.1683023e-17	-2.5847717e-17	4.712389	1.5707964	1.5707964	3.1415927	3.1415927	0.036247447	-0.99234605	0	-0.06728102	0.9903703	0	0.0003302844	0.9996795	0	-0.9677871	-0.22361888	0	-0.98433775	0.12835446	0	0.66	100	2e-09
0	-0.193926	-0.043695338	0	-2.169549e-17	-2.5847708e-17	4.712389	1.5707964	1.5707964	3.1415927	4.712389	0.024773793	-0.99264157	0	-0.16262604	0.97964334	0	0.00012208406	0.99967927	0	-0.9681919	-0.22185613	0	0.13629213	-0.98330176	0	0.66	100	2e-09
0	0.21645117	0.02552025	0	-2.1830492e-17	-2.584771e-17	4.712389	1.5707964	1.5707964	4.712389	0	0.019201815	-0.992699	0	0.099343516	0.9882934	0	3.5691042e-05	0.9996795	0	-0.021485426	-0.9924523	0	0.98516023	0.124779664	0	0.66	100	2e-09
0	0.071992725	0.19335401	0	-2.181765e-17	-2.5847722e-17	4.712389	1.5707964	1.5707964	4.712389	1.5707964	0.035125572	-0.9922726	0	0.1939916	0.9745747	0	0.000183014	0.99967974	0	-0.053815123	-0.99126256	0	0.18447855	0.97605085	0	0.66	100	2e-09
0	-0.2252705	0.032663282	0	-2.1717587e-17	-2.5847713e-17	4.712389	1.5707964	1.5707964	4.712389	3.1415927	-0.038003545	-0.9922362	0	-0.022094894	0.9924319	0	0.000345257	0.99967957	0	-0.085668184	-0.9890291	0	-0.9809311	0.15247026	0	0.66	100	2e-09
0	-0.0041244263	-0.19446318	0	-2.1743414e-17	-2.5847708e-17	4.712389	1.5707964	1.5707964	4.712389	4.712389	-0.055035103	-0.9914401	0	-0.12566741	0.98493415	0	0.00013090603	0.99967927	0	-0.035959113	-0.99199694	0	0.19590858	-0.97349226	0	0.66	100	2e-09
0	0.00046043284	0.22146647	0	-2.1753905e-17	-2.5847741e-17	4.712389	3.1415927	1.5707964	0	0	-0.99264914	0.022896562	0	-0.97354275	0.19457881	0	0.00030224168	0.9996807	0	0.9908243	0.06553234	0	0.97736746	-0.17535599	0	0.66	100	2e-09
0	-0.20226955	0.43677032	0	-2.1698979e-17	-2.5847746e-17	4.712389	3.1415927	1.5707964	0	1.5707964	-0.99291366	0.004295245	0	-0.982998	0.13534945	0	0.00060761237	0.99968076	0	0.991563	0.052447304	0	-0.02760666	0.9920788	0	0.66	100	2e-09
0	-0.39254642	0.16119964	0	-2.1773794e-17	-2.5847756e-17	4.712389	3.1415927	1.5707964	0	3.1415927	-0.99264735	0.025008185	0	-0.9875591	-0.1023957	0	0.0006154823	0.99968123	0	0.98919904	0.08708455	0	-0.9723402	-0.20337993	0	0.66	100	2e-09
0	-0.20808679	0.02494292	0	-2.1811601e-17	-2.5847755e-17	4.712389	3.1415927	1.5707964	0	4.712389	-0.99228764	0.036348503	0	-0.99273163	-0.012448129	0	0.00037643863	0.99968106	0	0.98868966	0.0929825	0	-0.044480834	-0.99184936	0	0.66	100	2e-09
0	-0.1702753	0.4501057	0	-2.175011e-17	-2.584775e-17	4.712389	3.1415927	1.5707964	1.5707964	0	-0.9649395	0.23465043	0	-0.9686245	0.21907091	0	0.00014194142	0.99968094	0	0.10733502	0.9870984	0	0.97471035	-0.18997225	0	0.66	100	2e-09
0	-0.39261898	0.6711368	0	-2.1704844e-17	-2.5847755e-17	4.712389	3.1415927	1.5707964	1.5707964	1.5707964	-0.96969557	0.21377435	0	-0.9792709	0.16172276	0	0.00045428416	0.99968106	0	0.061361805	0.9908783	0	-0.07594443	0.98962736	0	0.66	100	2e-09
0	-0.5764933	0.39015996	0	-2.179222e-17	-2.5847761e-17	4.712389	3.1415927	1.5707964	1.5707964	3.1415927	-0.9679662	0.22184217	0	-0.9909523	-0.061822355	0	0.0004671688	0.9996815	0	0.04895198	0.99158955	0	-0.9729673	-0.20049115	0	0.66	100	2e-09
0	-0.38988885	0.2500466	0	-2.1821122e-17	-2.584776e-17	4.712389	3.1415927	1.5707964	1.5707964	4.712389	-0.9647282	0.23570916	0	-0.9927678	0.015501226	0	0.00023203965	0.99968123	0	0.08388036	0.98933065	0	-0.0760606	-0.98998934	0	0.66	100	2e-09
0	-0.38995743	0.24725474	0	-2.1684136e-17	-2.5847741e-17	4.712389	3.1415927	1.5707964	3.1415927	0	-0.99230146	0.015248159	0	-0.94984156	0.2920579	0	0.00031622342	0.99968064	0	-0.98943496	0.07914735	0	0.98147464	-0.14986037	0	0.66	100	2e-09
0	-0.6103848	0.45225224	0	-2.1660975e-17	-2.5847745e-17	4.712389	3.1415927	1.5707964	3.1415927	1.5707964	-0.99238425	-0.00934772	0	-0.96660465	0.22702472	0	0.0006370622	0.99968064	0	-0.9909551	0.0565126	0	-0.102617346	0.98739094	0	0.66	100	2e-09
0	-0.79054826	0.18694873	0	-2.174317e-17	-2.5847755e-17	4.712389	3.1415927	1.5707964	3.1415927	3.1415927	-0.99230504	0.01627014	0	-0.9927897	-0.012881137	0	0.000656495	0.99968106	0	-0.9882681	0.09332663	0	-0.980035	-0.161653	0	0.66	100	2e-09
0	-0.6150308	0.042946767	0	-2.1755982e-17	-2.5847751e-17	4.712389	3.1415927	1.5707964	3.1415927	4.712389	-0.9918897	0.033097584	0	-0.99122345	0.058336176	0	0.00041567275	0.99968094	0	-0.98649067	0.11092851	0	-0.10596602	-0.98730946	0	0.66	100	2e-09
0	-0.164808	-0.014685447	0	-2.1709916e-17	-2.5847732e-17	4.712389	3.1415927	1.5707964	4.712389	0	-0.96965104	-0.21598199	0	-0.9578039	0.26318562	0	0.0005033617	0.99968034	0	0.119291835	-0.985653	0	0.98361963	-0.13465819	0	0.66	100	2e-09
0	-0.38358063	0.19362666	0	-2.1674122e-17	-2.5847733e-17	4.712389	3.1415927	1.5707964	4.712389	1.5707964	-0.9654053	-0.2347888	0	-0.9717382	0.20231807	0	0.00081130286	0.9996802	0	0.065047815	-0.9905662	0	-0.046618927	0.99149007	0	0.66	100	2e-09
0	-0.5773133	-0.08319045	0	-2.1741418e-17	-2.5847745e-17	4.712389	3.1415927	1.5707964	4.712389	3.1415927	-0.97160226	-0.20679966	0	-0.99116623	-0.05693861	0	0.00084009784	0.9996807	0	0.055500742	-0.9911144	0	-0.98013896	-0.16078028	0	0.66	100	2e-09
0	-0.38610864	-0.22948796	0	-2.1764321e-17	-2.5847745e-17	4.712389	3.1415927	1.5707964	4.712389	4.712389	-0.9739799	-0.19493061	0	-0.9924683	0.026241323	0	0.00059443916	0.9996807	0	0.100324206	-0.98768806	0	-0.06501361	-0.990743	0	0.66	100	2e-09
0	0.00042060483	0.22139108	0	-2.1753904e-17	-2.5847745e-17	4.712389	4.712389	1.5707964	0	0	-0.99264276	0.023171462	0	-0.97361845	0.19419277	0	0.0003021871	0.9996807	0	0.99080175	0.065881945	0	0.97726023	-0.17597154	0	0.66	100	2e-09
0	-0.20230605	0.43675354	0	-2.1698982e-17	-2.5847746e-17	4.712389	4.712389	1.5707964	0	1.5707964	-0.99291366	0.0043120477	0	-0.9830129	0.13524206	0	0.0006076635	0.9996809	0	0.9915624	0.052458536	0	-0.027773894	0.99207413	0	0.66	100	2e-09
0	-0.39254528	0.1611983	0	-2.1773793e-17	-2.5847756e-17	4.712389	4.712389	1.5707964	0	3.1415927	-0.9926472	0.025018003	0	-0.98755896	-0.102396846	0	0.00061547104	0.99968123	0	0.9891973	0.087104045	0	-0.9723331	-0.20341487	0	0.66	100	2e-09
0	-0.20808455	0.02495831	0	-2.1811601e-17	-2.5847755e-17	4.712389	4.712389	1.5707964	0	4.712389	-0.9922875	0.036351882	0	-0.99273163	-0.012456431	0	0.00037642903	0.99968106	0	0.9886822	0.09306519	0	-0.044462185	-0.99185014	0	0.66	100	2e-09
0	-0.17027698	0.45009676	0	-2.1750114e-17	-2.5847751e-17	4.712389	4.712389	1.5707964	1.5707964	0	-0.9649368	0.23466104	0	-0.96862876	0.2190515	0	0.00014194194	0.99968094	0	0.10733511	0.9870984	0	0.97470367	-0.19000809	0	0.66	100	2e-09
0	-0.3926244	0.6711347	0	-2.1704844e-17	-2.5847751e-17	4.712389	4.712389	1.5707964	1.5707964	1.5707964	-0.9696964	0.21377067	0	-0.9792719	0.16171683	0	0.00045429	0.99968106	0	0.06135349	0.9908789	0	-0.07596158	0.989626	0	0.66	100	2e-09
0	-0.57649326	0.39015794	0	-2.1792222e-17	-2.5847765e-17	4.712389	4.712389	1.5707964	1.5707964	3.1415927	-0.9679658	0.2218438	0	-0.9909517	-0.061831187	0	0.00046716965	0.99968135	0	0.04895122	0.99158955	0	-0.9729666	-0.20049383	0	0.66	100	2e-09
0	-0.38989827	0.25004402	0	-2.1821122e-17	-2.5847761e-17	4.712389	4.712389	1.5707964	1.5707964	4.712389	-0.9647299	0.23570178	0	-0.99276793	0.015492546	0	0.0002320548	0.99968123	0	0.083918035	0.9893276	0	-0.07614319	-0.98998314	0	0.66	100	2e-09
0	-0.38995996	0.24723628	0	-2.1684136e-17	-2.5847741e-17	4.712389	4.712389	1.5707964	3.1415927	0	-0.9923017	0.015234252	0	-0.94984925	0.29203194	0	0.00031624446	0.99968064	0	-0.9894381	0.07910559	0	0.9814732	-0.14987093	0	0.66	100	2e-09
0	-0.6103845	0.45224878	0	-2.1660973e-17	-2.5847745e-17	4.712389	4.712389	1.5707964	3.1415927	1.5707964	-0.99238414	-0.009359218	0	-0.96660274	0.2270329	0	0.00063706475	0.99968064	0	-0.99095595	0.056498494	0	-0.102616675	0.98739105	0	0.66	100	2e-09
0	-0.7905411	0.18696292	0	-2.174317e-17	-2.5847755e-17	4.712389	4.712389	1.5707964	3.1415927	3.1415927	-0.9923034	0.016376613	0	-0.9927891	-0.012927589	0	0.00065643096	0.99968106	0	-0.98825544	0.09346545	0	-0.9800146	-0.1617809	0	0.66	100	2e-09
0	-0.61503243	0.042955663	0	-2.1755982e-17	-2.5847751e-17	4.712389	4.712389	1.5707964	3.1415927	4.712389	-0.99188906	0.033117272	0	-0.9912239	0.058326893	0	0.00041566594	0.999681	0	-0.9864872	0.110961415	0	-0.105977505	-0.98730814	0	0.66	100	2e-09
0	-0.16480933	-0.014690122	0	-2.1709913e-17	-2.5847732e-17	4.712389	4.712389	1.5707964	4.712389	0	-0.9696534	-0.21597041	0	-0.95781004	0.2631623	0	0.00050336606	0.99968034	0	0.11929554	-0.98565245	0	0.98361796	-0.13467027	0	0.66	100	2e-09
0	-0.38357374	0.19362982	0	-2.1674122e-17	-2.5847733e-17	4.712389	4.712389	1.5707964	4.712389	1.5707964	-0.96540636	-0.23478411	0	-0.9717363	0.2023272	0	0.0008112943	0.99968034	0	0.06506559	-0.99056506	0	-0.046602845	0.9914908	0	0.66	100	2e-09
0	-0.57731396	-0.08319241	0	-2.174142e-17	-2.5847745e-17	4.712389	4.712389	1.5707964	4.712389	3.1415927	-0.97160274	-0.20679761	0	-0.99116594	-0.056945488	0	0.000840098	0.99968076	0	0.055496607	-0.9911146	0	-0.9801381	-0.16078503	0	0.66	100	2e-09
0	-0.3861081	-0.22948769	0	-2.1764323e-17	-2.5847745e-17	4.712389	4.712389	1.5707964	4.712389	4.712389	-0.97398	-0.19493037	0	-0.9924683	0.02624178	0	0.00059443904	0.9996807	0	0.100329034	-0.9876876	0	-0.06501553	-0.9907429	0	0.66	100	2e-09
