# t (s)	mx ()	my ()	mz ()	E_total (J)	E_Zeeman (J)	a1 (rad)	a2 (rad)	a3 (rad)	a4 (rad)	a5 (rad)	m.region1x ()	m.region1y ()	m.region1z ()	m.region2x ()	m.region2y ()	m.region2z ()	m.region3x ()	m.region3y ()	m.region3z ()	m.region4x ()	m.region4y ()	m.region4z ()	m.region5x ()	m.region5y ()	m.region5z ()	roundness ()	size (m)	Cell_size (m)
0	0.7798169	0.22134545	0	-2.2066203e-17	-2.603769e-17	0	0	1.5707964	0	0	0.9827024	-0.13290517	0	0.967487	0.21933734	0	-0.00058804604	0.99960417	0	0.9766418	-0.17384908	0	0.9728412	0.19454005	0	0.66	100	1e-09
0	0.60923743	0.3596498	0	-2.2090153e-17	-2.6037702e-17	0	0	1.5707964	0	1.5707964	0.9812216	-0.14352027	0	0.98206574	0.13768697	0	-0.00036383045	0.9996047	0	0.9753066	-0.18131867	0	0.10795719	0.98579633	0	0.66	100	1e-09
0	0.39603573	0.17451501	0	-2.1985852e-17	-2.6037708e-17	0	0	1.5707964	0	3.1415927	0.9812227	-0.14319268	0	0.9907733	-0.024521539	0	-0.00030067508	0.99960494	0	0.97597945	-0.17750594	0	-0.9674962	0.21819024	0	0.66	100	1e-09
0	0.61923194	-0.042907827	0	-2.1945705e-17	-2.6037695e-17	0	0	1.5707964	0	4.712389	0.9833764	-0.12734032	0	0.9892958	0.061233163	0	-0.00062306883	0.9996044	0	0.9776865	-0.1676824	0	0.14642401	-0.98035395	0	0.66	100	1e-09
0	0.605631	0.48760045	0	-2.1967748e-17	-2.6037694e-17	0	0	1.5707964	1.5707964	0	0.98985773	0.049053118	0	0.96828777	0.21541587	0	-0.00080041995	0.99960434	0	0.09662778	0.98643994	0	0.9741823	0.18748881	0	0.66	100	1e-09
0	0.4321488	0.6288318	0	-2.1992148e-17	-2.6037703e-17	0	0	1.5707964	1.5707964	1.5707964	0.9902429	0.039936714	0	0.9829244	0.130822	0	-0.00057466875	0.99960476	0	0.087784424	0.98722523	0	0.10036687	0.98657	0	0.66	100	1e-09
0	0.21605815	0.4407728	0	-2.189447e-17	-2.6037713e-17	0	0	1.5707964	1.5707964	3.1415927	0.98978275	0.049763065	0	0.99033445	-0.037961062	0	-0.00051561015	0.9996051	0	0.07120048	0.9885403	0	-0.9705113	0.20391633	0	0.66	100	1e-09
0	0.43836105	0.22352976	0	-2.1854155e-17	-2.6037702e-17	0	0	1.5707964	1.5707964	4.712389	0.9889587	0.06471816	0	0.9899643	0.048171937	0	-0.0008345887	0.9996045	0	0.0829249	0.98767674	0	0.13079183	-0.98252267	0	0.66	100	1e-09
0	0.38873765	0.27523118	0	-2.200841e-17	-2.6037694e-17	0	0	1.5707964	3.1415927	0	0.983853	0.12114678	0	0.9643784	0.23269464	0	-0.00074863207	0.9996044	0	-0.9760864	-0.17450854	0	0.9722918	0.19721864	0	0.66	100	1e-09
0	0.21615942	0.41254386	0	-2.2038315e-17	-2.6037707e-17	0	0	1.5707964	3.1415927	1.5707964	0.9849833	0.11118873	0	0.98106	0.14447497	0	-0.000522257	0.99960494	0	-0.9751153	-0.18005516	0	0.09039136	0.9875059	0	0.66	100	1e-09
0	0.0056181275	0.22745608	0	-2.1942638e-17	-2.6037717e-17	0	0	1.5707964	3.1415927	3.1415927	0.98388904	0.120601386	0	0.99078107	-0.022488058	0	-0.00046623294	0.99960524	0	-0.9768227	-0.17029324	0	-0.9692906	0.20985505	0	0.66	100	1e-09
0	0.22212762	0.010508417	0	-2.1894832e-17	-2.6037702e-17	0	0	1.5707964	3.1415927	4.712389	0.98195666	0.13597737	0	0.9890885	0.06379103	0	-0.00078514754	0.9996047	0	-0.9780524	-0.16281499	0	0.11843036	-0.984016	0	0.66	100	1e-09
0	0.6018709	0.07771921	0	-2.2092318e-17	-2.603769e-17	0	0	1.5707964	4.712389	0	0.98993737	-0.055441648	0	0.9647746	0.2312162	0	-0.00056474976	0.99960417	0	0.08371701	-0.98806745	0	0.97149014	0.20128487	0	0.66	100	1e-09
0	0.42924455	0.21612264	0	-2.2120466e-17	-2.6037702e-17	0	0	1.5707964	4.712389	1.5707964	0.98943925	-0.06367998	0	0.980785	0.14670573	0	-0.0003424806	0.9996047	0	0.07645836	-0.98863924	0	0.0998826	0.98662204	0	0.66	100	1e-09
0	0.21601741	0.031644024	0	-2.2018244e-17	-2.6037712e-17	0	0	1.5707964	4.712389	3.1415927	0.98962	-0.060038734	0	0.9909575	-0.0142845055	0	-0.0002825137	0.999605	0	0.06639306	-0.9893404	0	-0.966601	0.22227877	0	0.66	100	1e-09
0	0.4381648	-0.18935351	0	-2.1972205e-17	-2.6037699e-17	0	0	1.5707964	4.712389	4.712389	0.9902929	-0.047599424	0	0.9886013	0.0716439	0	-0.0006013593	0.9996044	0	0.07651494	-0.98862916	0	0.13601631	-0.9817872	0	0.66	100	1e-09
0	0.63665164	0.33592287	0	-2.2053229e-17	-2.6037634e-17	0	1.5707964	1.5707964	0	0	0.9668051	-0.22400577	0	0.2555867	0.95927376	0	-0.00032370817	0.99960214	0	0.976595	-0.17401049	0	0.9845947	0.118754424	0	0.66	100	1e-09
0	0.50284725	0.49450386	0	-2.2032406e-17	-2.6037647e-17	0	1.5707964	1.5707964	0	1.5707964	0.96411985	-0.23555782	0	0.3783145	0.9196596	0	-0.00018548677	0.9996025	0	0.97488815	-0.18351409	0	0.19709936	0.972329	0	0.66	100	1e-09
0	0.23214307	0.33741447	0	-2.1904315e-17	-2.6037642e-17	0	1.5707964	1.5707964	0	3.1415927	0.95423466	-0.27417436	0	0.20730656	0.9699827	0	-3.3510445e-05	0.9996023	0	0.97549736	-0.18006119	0	-0.9762897	0.17172277	0	0.66	100	1e-09
0	0.45129728	0.1208421	0	-2.1942152e-17	-2.6037629e-17	0	1.5707964	1.5707964	0	4.712389	0.96058196	-0.25026658	0	0.086002536	0.9873918	0	-0.0002572887	0.99960184	0	0.97755915	-0.16830719	0	0.23259991	-0.9642094	0	0.66	100	1e-09
0	0.4557735	0.60756874	0	-2.196103e-17	-2.6037639e-17	0	1.5707964	1.5707964	1.5707964	0	0.99057335	-0.02510762	0	0.22707583	0.96609926	0	-0.00052453653	0.9996023	0	0.07606506	0.9881751	0	0.9856778	0.109074585	0	0.66	100	1e-09
0	0.31800485	0.771134	0	-2.193862e-17	-2.6037652e-17	0	1.5707964	1.5707964	1.5707964	1.5707964	0.9900784	-0.040032	0	0.33960074	0.9339541	0	-0.00037875492	0.99960274	0	0.06995628	0.9885881	0	0.19076756	0.9735567	0	0.66	100	1e-09
0	0.04560023	0.61114454	0	-2.1818435e-17	-2.6037647e-17	0	1.5707964	1.5707964	1.5707964	3.1415927	0.98891234	-0.061148696	0	0.1698261	0.9769597	0	-0.00023543215	0.9996025	0	0.04921609	0.98981243	0	-0.979718	0.15049686	0	0.66	100	1e-09
0	0.26400045	0.39565578	0	-2.1857566e-17	-2.6037634e-17	0	1.5707964	1.5707964	1.5707964	4.712389	0.99027556	-0.03248529	0	0.054775927	0.9895313	0	-0.00045931336	0.99960214	0	0.05839855	0.98936284	0	0.21701166	-0.96773213	0	0.66	100	1e-09
0	0.24281327	0.39646122	0	-2.2008285e-17	-2.6037646e-17	0	1.5707964	1.5707964	3.1415927	0	0.988674	0.067664355	0	0.21806814	0.9681021	0	-0.00047385623	0.9996024	0	-0.9772542	-0.16766384	0	0.9850522	0.11460116	0	0.66	100	1e-09
0	0.10333228	0.5574171	0	-2.1991124e-17	-2.6037652e-17	0	1.5707964	1.5707964	3.1415927	1.5707964	0.98969406	0.04945528	0	0.32522875	0.93886304	0	-0.00032143475	0.99960274	0	-0.9756967	-0.17678268	0	0.1777567	0.97594714	0	0.66	100	1e-09
0	-0.16107647	0.40038154	0	-2.187479e-17	-2.603765e-17	0	1.5707964	1.5707964	3.1415927	3.1415927	0.9901605	0.035935827	0	0.16116631	0.9783692	0	-0.00018582148	0.9996026	0	-0.97742796	-0.16667609	0	-0.9790955	0.1546762	0	0.66	100	1e-09
0	0.05164385	0.18559806	0	-2.1906307e-17	-2.6037637e-17	0	1.5707964	1.5707964	3.1415927	4.712389	0.9887475	0.06552384	0	0.04655807	0.98992985	0	-0.00041088136	0.99960214	0	-0.9790882	-0.15629984	0	0.20241262	-0.9707656	0	0.66	100	1e-09
0	0.45698383	0.1941985	0	-2.2083929e-17	-2.6037637e-17	0	1.5707964	1.5707964	4.712389	0	0.98410684	-0.12332546	0	0.24906102	0.9609215	0	-0.00030420622	0.99960214	0	0.06798368	-0.9892378	0	0.9840715	0.12303219	0	0.66	100	1e-09
0	0.31963173	0.35485774	0	-2.2067033e-17	-2.6037647e-17	0	1.5707964	1.5707964	4.712389	1.5707964	0.9826512	-0.13469356	0	0.36544237	0.924637	0	-0.00016258395	0.9996026	0	0.063320376	-0.9895402	0	0.18690735	0.9742826	0	0.66	100	1e-09
0	0.05059872	0.19932894	0	-2.194236e-17	-2.6037642e-17	0	1.5707964	1.5707964	4.712389	3.1415927	0.9792859	-0.15781178	0	0.20049424	0.9713475	0	-2.0649055e-05	0.99960244	0	0.049171608	-0.99031615	0	-0.97593755	0.17382266	0	0.66	100	1e-09
0	0.2683051	-0.02130553	0	-2.1974177e-17	-2.6037629e-17	0	1.5707964	1.5707964	4.712389	4.712389	0.98229235	-0.13729812	0	0.08042671	0.9878295	0	-0.0002419588	0.9996019	0	0.057981692	-0.98985094	0	0.22106658	-0.96681	0	0.66	100	1e-09
0	0.6365011	0.3355038	0	-2.2053232e-17	-2.6037634e-17	0	3.1415927	1.5707964	0	0	0.96651936	-0.22527732	0	0.2552683	0.95935583	0	-0.00032293514	0.99960214	0	0.9764426	-0.17488933	0	0.98459786	0.11872754	0	0.66	100	1e-09
0	0.5028566	0.49450043	0	-2.2032409e-17	-2.6037647e-17	0	3.1415927	1.5707964	0	1.5707964	0.96412045	-0.23555528	0	0.37834838	0.91964626	0	-0.00018550908	0.9996026	0	0.9748873	-0.1835178	0	0.19711216	0.97232646	0	0.66	100	1e-09
0	0.23212713	0.33736658	0	-2.1904315e-17	-2.6037642e-17	0	3.1415927	1.5707964	0	3.1415927	0.9542315	-0.274186	0	0.20727001	0.96998996	0	-3.3509306e-05	0.9996023	0	0.97549766	-0.18005954	0	-0.97633004	0.17148624	0	0.66	100	1e-09
0	0.45133638	0.1208547	0	-2.1942155e-17	-2.6037629e-17	0	3.1415927	1.5707964	0	4.712389	0.9605873	-0.25024527	0	0.08602603	0.9873899	0	-0.0002573279	0.99960184	0	0.97756	-0.1683022	0	0.23276608	-0.9641708	0	0.66	100	1e-09
0	0.45577034	0.6075565	0	-2.1961027e-17	-2.6037642e-17	0	3.1415927	1.5707964	1.5707964	0	0.9905721	-0.02515616	0	0.22705086	0.96610487	0	-0.0005245024	0.9996023	0	0.07607354	0.9881743	0	0.9856797	0.10905728	0	0.66	100	1e-09
0	0.31799832	0.77113545	0	-2.1938623e-17	-2.603765e-17	0	3.1415927	1.5707964	1.5707964	1.5707964	0.99007833	-0.040033355	0	0.33958405	0.93395996	0	-0.00037874194	0.9996027	0	0.06995572	0.9885882	0	0.19075222	0.9735596	0	0.66	100	1e-09
0	0.04560207	0.61114097	0	-2.1818435e-17	-2.6037647e-17	0	3.1415927	1.5707964	1.5707964	3.1415927	0.98891246	-0.061146695	0	0.16983572	0.97695804	0	-0.00023544139	0.9996026	0	0.04921824	0.9898124	0	-0.97972065	0.1504786	0	0.66	100	1e-09
0	0.26395398	0.39563742	0	-2.1857563e-17	-2.6037637e-17	0	3.1415927	1.5707964	1.5707964	4.712389	0.99027395	-0.032534994	0	0.054728646	0.9895337	0	-0.00045924127	0.9996021	0	0.05841593	0.9893619	0	0.21681075	-0.9677755	0	0.66	100	1e-09
0	0.24282284	0.39648107	0	-2.2008285e-17	-2.6037642e-17	0	3.1415927	1.5707964	3.1415927	0	0.98866844	0.067747176	0	0.21812499	0.9680897	0	-0.0004739251	0.9996024	0	-0.9772546	-0.16766146	0	0.98504925	0.11462774	0	0.66	100	1e-09
0	0.103330754	0.5574171	0	-2.1991123e-17	-2.6037652e-17	0	3.1415927	1.5707964	3.1415927	1.5707964	0.98969406	0.04945574	0	0.3252293	0.9388629	0	-0.000321434	0.99960274	0	-0.9756963	-0.17678478	0	0.17774825	0.97594863	0	0.66	100	1e-09
0	-0.16107756	0.40038228	0	-2.187479e-17	-2.6037647e-17	0	3.1415927	1.5707964	3.1415927	3.1415927	0.99016047	0.035936512	0	0.16116041	0.9783702	0	-0.00018581748	0.9996026	0	-0.9774278	-0.16667652	0	-0.9790951	0.1546788	0	0.66	100	1e-09
0	0.051627677	0.18558978	0	-2.1906305e-17	-2.6037637e-17	0	3.1415927	1.5707964	3.1415927	4.712389	0.98874855	0.06550856	0	0.046560597	0.9899297	0	-0.00041086835	0.9996021	0	-0.9790868	-0.15630865	0	0.20232686	-0.9707829	0	0.66	100	1e-09
0	0.4569764	0.19419855	0	-2.208393e-17	-2.6037639e-17	0	3.1415927	1.5707964	4.712389	0	0.9841088	-0.123309575	0	0.24903792	0.9609273	0	-0.00030420139	0.9996022	0	0.067965545	-0.989239	0	0.98407394	0.1230119	0	0.66	100	1e-09
0	0.31961608	0.3548616	0	-2.2067035e-17	-2.603765e-17	0	3.1415927	1.5707964	4.712389	1.5707964	0.982651	-0.13469386	0	0.3654144	0.9246476	0	-0.00016255998	0.9996026	0	0.0633185	-0.98954034	0	0.18685898	0.9742917	0	0.66	100	1e-09
0	0.050595723	0.19933066	0	-2.194236e-17	-2.6037642e-17	0	3.1415927	1.5707964	4.712389	3.1415927	0.9792853	-0.15781543	0	0.20047839	0.9713507	0	-2.0636307e-05	0.9996024	0	0.049171466	-0.99031615	0	-0.97593594	0.17383176	0	0.66	100	1e-09
0	0.268311	-0.021304453	0	-2.1974177e-17	-2.6037632e-17	0	3.1415927	1.5707964	4.712389	4.712389	0.9822926	-0.13729668	0	0.08043506	0.9878288	0	-0.00024196702	0.9996019	0	0.057982124	-0.98985094	0	0.22108722	-0.9668054	0	0.66	100	1e-09
0	0.7797961	0.22119847	0	-2.2066203e-17	-2.603769e-17	0	4.712389	1.5707964	0	0	0.98270863	-0.1328564	0	0.96757805	0.21892501	0	-0.00058788556	0.99960417	0	0.97651285	-0.17459425	0	0.97276866	0.19491379	0	0.66	100	1e-09
0	0.6091913	0.35964924	0	-2.2090151e-17	-2.6037699e-17	0	4.712389	1.5707964	0	1.5707964	0.9812163	-0.14355753	0	0.98206604	0.13768534	0	-0.00036378656	0.99960464	0	0.97530866	-0.18130676	0	0.10772919	0.9858206	0	0.66	100	1e-09
0	0.39603794	0.17452581	0	-2.1985849e-17	-2.6037708e-17	0	4.712389	1.5707964	0	3.1415927	0.981223	-0.14319089	0	0.99077344	-0.024518318	0	-0.00030067138	0.99960494	0	0.9759794	-0.17750572	0	-0.9674856	0.21823904	0	0.66	100	1e-09
0	0.61922604	-0.042911332	0	-2.1945705e-17	-2.6037695e-17	0	4.712389	1.5707964	0	4.712389	0.98337656	-0.12733933	0	0.98929656	0.06121966	0	-0.00062306307	0.9996044	0	0.9776864	-0.16768299	0	0.1463935	-0.98035836	0	0.66	100	1e-09
0	0.6056323	0.48761	0	-2.1967748e-17	-2.6037695e-17	0	4.712389	1.5707964	1.5707964	0	0.9898574	0.049059797	0	0.9682861	0.2154237	0	-0.0008004175	0.99960434	0	0.09664285	0.9864385	0	0.9741757	0.18752389	0	0.66	100	1e-09
0	0.43214217	0.6288375	0	-2.1992147e-17	-2.6037703e-17	0	4.712389	1.5707964	1.5707964	1.5707964	0.9902427	0.039940935	0	0.9829216	0.13084358	0	-0.0005746713	0.99960476	0	0.08778225	0.98722553	0	0.10033879	0.98657286	0	0.66	100	1e-09
0	0.21605693	0.44077855	0	-2.1894467e-17	-2.6037713e-17	0	4.712389	1.5707964	1.5707964	3.1415927	0.98978275	0.04976387	0	0.99033505	-0.0379445	0	-0.00051561487	0.9996051	0	0.07119166	0.988541	0	-0.97050905	0.20392723	0	0.66	100	1e-09
0	0.43835565	0.22352736	0	-2.1854155e-17	-2.6037699e-17	0	4.712389	1.5707964	1.5707964	4.712389	0.9889587	0.0647214	0	0.9899647	0.04815963	0	-0.0008345847	0.99960464	0	0.0829224	0.9876768	0	0.13076712	-0.9825258	0	0.66	100	1e-09
0	0.38873762	0.2752253	0	-2.2008412e-17	-2.6037695e-17	0	4.712389	1.5707964	3.1415927	0	0.9838571	0.121113524	0	0.96437	0.23272991	0	-0.0007486031	0.9996044	0	-0.97607064	-0.1745995	0	0.9722801	0.19727817	0	0.66	100	1e-09
0	0.21615691	0.41254452	0	-2.2038315e-17	-2.6037703e-17	0	4.712389	1.5707964	3.1415927	1.5707964	0.984983	0.11119146	0	0.9810591	0.14448126	0	-0.00052225695	0.9996048	0	-0.975114	-0.18006201	0	0.09037875	0.98750705	0	0.66	100	1e-09
0	0.0056377365	0.22759426	0	-2.1942638e-17	-2.6037717e-17	0	4.712389	1.5707964	3.1415927	3.1415927	0.98388463	0.12063912	0	0.9907832	-0.022399204	0	-0.00046622343	0.9996051	0	-0.97683054	-0.17024699	0	-0.96918243	0.21037316	0	0.66	100	1e-09
0	0.22213502	0.010511935	0	-2.1894832e-17	-2.6037699e-17	0	4.712389	1.5707964	3.1415927	4.712389	0.9819572	0.13597368	0	0.9890874	0.0638093	0	-0.00078515406	0.99960464	0	-0.9780521	-0.16281638	0	0.118467815	-0.98401165	0	0.66	100	1e-09
0	0.6018704	0.0777141	0	-2.2092315e-17	-2.6037694e-17	0	4.712389	1.5707964	4.712389	0	0.98993796	-0.055430762	0	0.96477777	0.2312027	0	-0.0005647564	0.99960417	0	0.08370668	-0.9880684	0	0.9714945	0.20126273	0	0.66	100	1e-09
0	0.4292374	0.21612191	0	-2.2120466e-17	-2.6037703e-17	0	4.712389	1.5707964	4.712389	1.5707964	0.98943865	-0.06368916	0	0.9807848	0.14670758	0	-0.0003424724	0.9996047	0	0.07646008	-0.98863906	0	0.099845864	0.98662555	0	0.66	100	1e-09
0	0.2160282	0.03170277	0	-2.2018246e-17	-2.6037708e-17	0	4.712389	1.5707964	4.712389	3.1415927	0.98962027	-0.060034506	0	0.990958	-0.01425505	0	-0.00028249586	0.999605	0	0.06638848	-0.9893407	0	-0.96654326	0.22253911	0	0.66	100	1e-09
0	0.43815985	-0.18935604	0	-2.1972203e-17	-2.6037695e-17	0	4.712389	1.5707964	4.712389	4.712389	0.99029285	-0.04759805	0	0.9886021	0.071633235	0	-0.0006013549	0.9996044	0	0.076514184	-0.98862916	0	0.13599145	-0.9817906	0	0.66	100	1e-09
0	0.77979976	0.22155054	0	-2.20662e-17	-2.6037689e-17	1.5707964	0	1.5707964	0	0	0.9827647	-0.13243516	0	0.96750855	0.21923801	0	-0.00058808335	0.99960417	0	0.97662175	-0.17396508	0	0.9726915	0.19531064	0	0.66	100	1e-09
0	0.6092386	0.35964876	0	-2.2090151e-17	-2.6037702e-17	1.5707964	0	1.5707964	0	1.5707964	0.98122215	-0.14351667	0	0.9820665	0.13768032	0	-0.00036383115	0.9996047	0	0.97530615	-0.18132035	0	0.10796193	0.9857959	0	0.66	100	1e-09
0	0.39601576	0.17441465	0	-2.1985849e-17	-2.6037708e-17	1.5707964	0	1.5707964	0	3.1415927	0.9812209	-0.14320518	0	0.9907721	-0.024564818	0	-0.0003007057	0.999605	0	0.9759794	-0.17750624	0	-0.9675927	0.2177445	0	0.66	100	1e-09
0	0.6192399	-0.042903535	0	-2.1945702e-17	-2.6037695e-17	1.5707964	0	1.5707964	0	4.712389	0.9833761	-0.12734234	0	0.98929477	0.061250743	0	-0.00062307605	0.9996044	0	0.97768646	-0.16768248	0	0.14646518	-0.98034793	0	0.66	100	1e-09
0	0.60563105	0.4876036	0	-2.1967752e-17	-2.6037694e-17	1.5707964	0	1.5707964	1.5707964	0	0.98985744	0.049058694	0	0.9682871	0.2154187	0	-0.00080042135	0.9996044	0	0.09663027	0.9864397	0	0.97418076	0.18749666	0	0.66	100	1e-09
0	0.43214688	0.62882936	0	-2.199215e-17	-2.6037707e-17	1.5707964	0	1.5707964	1.5707964	1.5707964	0.9902433	0.039925747	0	0.9829247	0.13081986	0	-0.000574661	0.9996048	0	0.08779257	0.9872245	0	0.100348346	0.9865718	0	0.66	100	1e-09
0	0.21605861	0.44077238	0	-2.189447e-17	-2.6037717e-17	1.5707964	0	1.5707964	1.5707964	3.1415927	0.9897828	0.04976	0	0.9903346	-0.03795822	0	-0.00051561004	0.9996053	0	0.07120274	0.98854023	0	-0.9705116	0.20391484	0	0.66	100	1e-09
0	0.43835455	0.22352892	0	-2.1854155e-17	-2.6037699e-17	1.5707964	0	1.5707964	1.5707964	4.712389	0.9889581	0.06472844	0	0.98996484	0.048160046	0	-0.000834588	0.9996045	0	0.08291731	0.9876773	0	0.13076726	-0.9825258	0	0.66	100	1e-09
0	0.38873535	0.2752374	0	-2.200841e-17	-2.6037695e-17	1.5707964	0	1.5707964	3.1415927	0	0.98385525	0.12112798	0	0.96436566	0.23274833	0	-0.0007486111	0.9996044	0	-0.97607344	-0.17458357	0	0.97227776	0.19729006	0	0.66	100	1e-09
0	0.21616225	0.4125427	0	-2.2038315e-17	-2.6037708e-17	1.5707964	0	1.5707964	3.1415927	1.5707964	0.9849822	0.11119883	0	0.9810599	0.14447537	0	-0.00052226137	0.9996048	0	-0.97511256	-0.18007033	0	0.09040385	0.9875049	0	0.66	100	1e-09
0	0.0056384583	0.22758257	0	-2.1942638e-17	-2.6037717e-17	1.5707964	0	1.5707964	3.1415927	3.1415927	0.9838819	0.12066224	0	0.9907808	-0.022512816	0	-0.0004661937	0.99960524	0	-0.9768296	-0.17025276	0	-0.9691746	0.210411	0	0.66	100	1e-09
0	0.2221202	0.01050353	0	-2.1894832e-17	-2.6037699e-17	1.5707964	0	1.5707964	3.1415927	4.712389	0.98195636	0.13597922	0	0.9890898	0.06377048	0	-0.0007851397	0.9996047	0	-0.97805226	-0.16281621	0	0.11839201	-0.9840204	0	0.66	100	1e-09
0	0.60186887	0.0777104	0	-2.2092315e-17	-2.6037689e-17	1.5707964	0	1.5707964	4.712389	0	0.9899379	-0.055432893	0	0.9647772	0.23120536	0	-0.000564759	0.9996042	0	0.083695985	-0.9880693	0	0.97149825	0.20124455	0	0.66	100	1e-09
0	0.4292416	0.21612401	0	-2.2120462e-17	-2.6037702e-17	1.5707964	0	1.5707964	4.712389	1.5707964	0.9894392	-0.063680865	0	0.98078406	0.14671211	0	-0.00034247982	0.99960464	0	0.0764583	-0.98863924	0	0.099868834	0.98662335	0	0.66	100	1e-09
0	0.21601702	0.03164253	0	-2.2018244e-17	-2.6037708e-17	1.5707964	0	1.5707964	4.712389	3.1415927	0.98962	-0.06003976	0	0.9909575	-0.014281612	0	-0.00028251504	0.999605	0	0.06639316	-0.9893404	0	-0.96660304	0.22226942	0	0.66	100	1e-09
0	0.4381654	-0.18935291	0	-2.1972202e-17	-2.6037699e-17	1.5707964	0	1.5707964	4.712389	4.712389	0.99029285	-0.047599304	0	0.98860127	0.07164627	0	-0.00060136005	0.9996045	0	0.07651481	-0.9886291	0	0.13601954	-0.98178685	0	0.66	100	1e-09
0	0.6366561	0.3359143	0	-2.2053232e-17	-2.6037637e-17	1.5707964	1.5707964	1.5707964	0	0	0.96679914	-0.22403304	0	0.2556234	0.95926446	0	-0.000323715	0.99960214	0	0.97658974	-0.17404065	0	0.984592	0.11877877	0	0.66	100	1e-09
0	0.50285023	0.494503	0	-2.2032406e-17	-2.603765e-17	1.5707964	1.5707964	1.5707964	0	1.5707964	0.96412003	-0.23555732	0	0.37832266	0.91965634	0	-0.00018549277	0.9996026	0	0.974888	-0.18351448	0	0.19710599	0.97232777	0	0.66	100	1e-09
0	0.23212679	0.33737236	0	-2.1904315e-17	-2.6037642e-17	1.5707964	1.5707964	1.5707964	0	3.1415927	0.95422935	-0.27419394	0	0.20726462	0.9699911	0	-3.3498753e-05	0.9996024	0	0.9754978	-0.18005939	0	-0.9763241	0.1715216	0	0.66	100	1e-09
0	0.45132676	0.12085169	0	-2.1942152e-17	-2.6037629e-17	1.5707964	1.5707964	1.5707964	0	4.712389	0.9605859	-0.2502506	0	0.08601894	0.9873905	0	-0.00025731744	0.9996018	0	0.97755975	-0.16830324	0	0.23272634	-0.96418	0	0.66	100	1e-09
0	0.45576128	0.60750085	0	-2.1961027e-17	-2.6037639e-17	1.5707964	1.5707964	1.5707964	1.5707964	0	0.99056685	-0.025380898	0	0.22694504	0.96612895	0	-0.00052434916	0.9996023	0	0.07613126	0.98816997	0	0.98568755	0.108984195	0	0.66	100	1e-09
0	0.31797853	0.77113897	0	-2.193862e-17	-2.603765e-17	1.5707964	1.5707964	1.5707964	1.5707964	1.5707964	0.990078	-0.040044453	0	0.33951443	0.9339843	0	-0.0003786926	0.9996027	0	0.06994833	0.98858875	0	0.19073066	0.97356373	0	0.66	100	1e-09
0	0.045592584	0.6111423	0	-2.1818437e-17	-2.6037647e-17	1.5707964	1.5707964	1.5707964	1.5707964	3.1415927	0.988912	-0.061153945	0	0.16979343	0.9769651	0	-0.0002354098	0.9996025	0	0.049212594	0.9898126	0	-0.97971976	0.150485	0	0.66	100	1e-09
0	0.2639164	0.39562473	0	-2.1857568e-17	-2.6037634e-17	1.5707964	1.5707964	1.5707964	1.5707964	4.712389	0.99027336	-0.032552868	0	0.05475916	0.98953193	0	-0.000459238	0.9996021	0	0.05840492	0.9893625	0	0.21660401	-0.96782005	0	0.66	100	1e-09
0	0.24281351	0.39646035	0	-2.2008283e-17	-2.6037642e-17	1.5707964	1.5707964	1.5707964	3.1415927	0	0.9886741	0.06766252	0	0.21806881	0.968102	0	-0.00047385547	0.9996024	0	-0.97725385	-0.1676668	0	0.98505217	0.11460182	0	0.66	100	1e-09
0	0.10328973	0.55743194	0	-2.1991123e-17	-2.6037652e-17	1.5707964	1.5707964	1.5707964	3.1415927	1.5707964	0.989694	0.04945663	0	0.32510942	0.9389026	0	-0.00032135105	0.99960274	0	-0.9756998	-0.1767654	0	0.17766628	0.975963	0	0.66	100	1e-09
0	-0.16107516	0.40038875	0	-2.187479e-17	-2.603765e-17	1.5707964	1.5707964	1.5707964	3.1415927	3.1415927	0.9901605	0.035935335	0	0.16116725	0.97836906	0	-0.00018581771	0.9996026	0	-0.9774278	-0.16667621	0	-0.97908986	0.15471287	0	0.66	100	1e-09
0	0.051731635	0.18563873	0	-2.1906305e-17	-2.6037637e-17	1.5707964	1.5707964	1.5707964	3.1415927	4.712389	0.9887428	0.065598756	0	0.046581794	0.98992896	0	-0.00041097243	0.9996021	0	-0.97909486	-0.15625647	0	0.20283939	-0.9706798	0	0.66	100	1e-09
0	0.4569832	0.19419675	0	-2.2083929e-17	-2.6037637e-17	1.5707964	1.5707964	1.5707964	4.712389	0	0.9841062	-0.12333184	0	0.24906352	0.9609209	0	-0.00030420578	0.99960214	0	0.06797897	-0.98923814	0	0.9840718	0.12303051	0	0.66	100	1e-09
0	0.31961104	0.3548627	0	-2.2067033e-17	-2.6037647e-17	1.5707964	1.5707964	1.5707964	4.712389	1.5707964	0.9826503	-0.13470003	0	0.36537552	0.92466235	0	-0.00016253696	0.9996026	0	0.063317716	-0.98954034	0	0.18687424	0.9742887	0	0.66	100	1e-09
0	0.050600976	0.19933262	0	-2.194236e-17	-2.6037642e-17	1.5707964	1.5707964	1.5707964	4.712389	3.1415927	0.9792861	-0.15781045	0	0.20050253	0.97134596	0	-2.0652875e-05	0.9996024	0	0.049171146	-0.99031615	0	-0.9759343	0.17384148	0	0.66	100	1e-09
0	0.26828912	-0.021309607	0	-2.1974177e-17	-2.6037632e-17	1.5707964	1.5707964	1.5707964	4.712389	4.712389	0.9822919	-0.13730195	0	0.08042411	0.9878296	0	-0.0002419489	0.9996019	0	0.057980895	-0.98985106	0	0.22099078	-0.9668266	0	0.66	100	1e-09
0	0.6364883	0.33549836	0	-2.2053232e-17	-2.6037637e-17	1.5707964	3.1415927	1.5707964	0	0	0.9665165	-0.22528999	0	0.25520372	0.95937234	0	-0.00032289352	0.9996021	0	0.9764428	-0.1748878	0	0.9846016	0.11869514	0	0.66	100	1e-09
0	0.50281745	0.4945087	0	-2.2032409e-17	-2.6037647e-17	1.5707964	3.1415927	1.5707964	0	1.5707964	0.9641134	-0.23558515	0	0.37819722	0.91970575	0	-0.00018540367	0.9996025	0	0.9748882	-0.1835136	0	0.19707353	0.97233415	0	0.66	100	1e-09
0	0.23214838	0.33741197	0	-2.1904312e-17	-2.6037642e-17	1.5707964	3.1415927	1.5707964	0	3.1415927	0.9542317	-0.27418542	0	0.20733531	0.9699768	0	-3.352448e-05	0.9996023	0	0.97549725	-0.180062	0	-0.97628874	0.17172842	0	0.66	100	1e-09
0	0.451337	0.12085498	0	-2.1942152e-17	-2.6037629e-17	1.5707964	3.1415927	1.5707964	0	4.712389	0.9605873	-0.25024518	0	0.08602416	0.98739004	0	-0.00025732693	0.9996018	0	0.97756004	-0.16830206	0	0.23277073	-0.9641698	0	0.66	100	1e-09
0	0.45577216	0.60749495	0	-2.1961028e-17	-2.6037639e-17	1.5707964	3.1415927	1.5707964	1.5707964	0	0.9905661	-0.02541145	0	0.22695218	0.9661273	0	-0.00052433857	0.9996023	0	0.07617999	0.9881662	0	0.9856869	0.108990066	0	0.66	100	1e-09
0	0.31796387	0.77114254	0	-2.193862e-17	-2.6037652e-17	1.5707964	3.1415927	1.5707964	1.5707964	1.5707964	0.9900778	-0.04004639	0	0.33947897	0.9339965	0	-0.00037866473	0.99960274	0	0.06994743	0.98858875	0	0.19069375	0.9735707	0	0.66	100	1e-09
0	0.045592166	0.61114854	0	-2.1818437e-17	-2.6037647e-17	1.5707964	3.1415927	1.5707964	1.5707964	3.1415927	0.98891205	-0.06115307	0	0.1697886	0.976966	0	-0.00023540363	0.99960244	0	0.049210936	0.98981273	0	-0.9797153	0.15051433	0	0.66	100	1e-09
0	0.26402146	0.3956644	0	-2.1857566e-17	-2.6037634e-17	1.5707964	3.1415927	1.5707964	1.5707964	4.712389	0.99027616	-0.032462206	0	0.054792915	0.9895305	0	-0.00045934363	0.9996021	0	0.05839023	0.9893633	0	0.21710737	-0.9677115	0	0.66	100	1e-09
0	0.24280787	0.39646608	0	-2.2008283e-17	-2.6037642e-17	1.5707964	3.1415927	1.5707964	3.1415927	0	0.9886738	0.067666285	0	0.21804546	0.968107	0	-0.0004738493	0.9996024	0	-0.9772606	-0.16762523	0	0.9850546	0.11457985	0	0.66	100	1e-09
0	0.10332409	0.55742043	0	-2.1991123e-17	-2.603765e-17	1.5707964	3.1415927	1.5707964	3.1415927	1.5707964	0.9896942	0.049453698	0	0.3251961	0.9388738	0	-0.00032141389	0.99960274	0	-0.9756978	-0.17677648	0	0.17774937	0.9759484	0	0.66	100	1e-09
0	-0.16106865	0.40036926	0	-2.187479e-17	-2.6037647e-17	1.5707964	3.1415927	1.5707964	3.1415927	3.1415927	0.9901602	0.03594287	0	0.16121346	0.9783616	0	-0.00018586169	0.9996026	0	-0.97742707	-0.16668107	0	-0.979104	0.1546204	0	0.66	100	1e-09
0	0.051770147	0.18565659	0	-2.1906309e-17	-2.6037634e-17	1.5707964	3.1415927	1.5707964	3.1415927	4.712389	0.98874074	0.06563179	0	0.046595614	0.98992836	0	-0.00041101477	0.9996021	0	-0.97909796	-0.15623659	0	0.20302336	-0.97064286	0	0.66	100	1e-09
0	0.4569757	0.19419634	0	-2.2083929e-17	-2.6037637e-17	1.5707964	3.1415927	1.5707964	4.712389	0	0.98410785	-0.12331729	0	0.24904197	0.9609262	0	-0.00030420127	0.9996022	0	0.067958474	-0.98923945	0	0.98407423	0.1230099	0	0.66	100	1e-09
0	0.3196292	0.3548584	0	-2.2067036e-17	-2.603765e-17	1.5707964	3.1415927	1.5707964	4.712389	1.5707964	0.9826509	-0.13469443	0	0.3654327	0.9246408	0	-0.0001625775	0.9996026	0	0.063320205	-0.9895401	0	0.18690486	0.97428316	0	0.66	100	1e-09
0	0.05061164	0.19931798	0	-2.194236e-17	-2.6037642e-17	1.5707964	3.1415927	1.5707964	4.712389	3.1415927	0.97928876	-0.1577937	0	0.20056589	0.97133327	0	-2.0709409e-05	0.99960244	0	0.04917188	-0.9903161	0	-0.9759475	0.17376414	0	0.66	100	1e-09
0	0.26830286	-0.021306202	0	-2.1974177e-17	-2.6037632e-17	1.5707964	3.1415927	1.5707964	4.712389	4.712389	0.98229235	-0.13729845	0	0.080428705	0.9878294	0	-0.00024195897	0.9996019	0	0.057981614	-0.98985094	0	0.22105359	-0.9668128	0	0.66	100	1e-09
0	0.7797975	0.22119528	0	-2.2066203e-17	-2.6037689e-17	1.5707964	4.712389	1.5707964	0	0	0.9827098	-0.13284728	0	0.96758413	0.21889785	0	-0.000587886	0.99960417	0	0.9765131	-0.17459317	0	0.9727685	0.1949148	0	0.66	100	1e-09
0	0.6092299	0.35963517	0	-2.209015e-17	-2.6037702e-17	1.5707964	4.712389	1.5707964	0	1.5707964	0.981219	-0.14353877	0	0.9820728	0.13763502	0	-0.00036380716	0.9996047	0	0.9753054	-0.18132557	0	0.10791621	0.9858008	0	0.66	100	1e-09
0	0.39604053	0.17453767	0	-2.1985849e-17	-2.6037708e-17	1.5707964	4.712389	1.5707964	0	3.1415927	0.9812235	-0.14318733	0	0.99077344	-0.024520928	0	-0.00030066574	0.9996048	0	0.97597957	-0.17750512	0	-0.9674731	0.2182968	0	0.66	100	1e-09
0	0.6192351	-0.04290632	0	-2.1945704e-17	-2.6037694e-17	1.5707964	4.712389	1.5707964	0	4.712389	0.9833763	-0.12734134	0	0.9892955	0.061239786	0	-0.0006230715	0.99960446	0	0.97768646	-0.16768275	0	0.14644	-0.9803516	0	0.66	100	1e-09
0	0.60563314	0.48761404	0	-2.1967748e-17	-2.6037694e-17	1.5707964	4.712389	1.5707964	1.5707964	0	0.98985744	0.04906013	0	0.96828526	0.21542671	0	-0.0008004149	0.9996042	0	0.09665065	0.9864377	0	0.97417253	0.18754128	0	0.66	100	1e-09
0	0.4321475	0.62883586	0	-2.1992148e-17	-2.6037707e-17	1.5707964	4.712389	1.5707964	1.5707964	1.5707964	0.99024254	0.039946694	0	0.98292315	0.13083197	0	-0.00057467545	0.99960476	0	0.08777787	0.9872259	0	0.10036846	0.9865699	0	0.66	100	1e-09
0	0.21606751	0.44060993	0	-2.1894467e-17	-2.6037717e-17	1.5707964	4.712389	1.5707964	1.5707964	3.1415927	0.989789	0.049639724	0	0.9903299	-0.038076244	0	-0.0005155794	0.99960524	0	0.07135964	0.98852915	0	-0.9706255	0.2033519	0	0.66	100	1e-09
0	0.43834814	0.22352295	0	-2.1854155e-17	-2.6037702e-17	1.5707964	4.712389	1.5707964	1.5707964	4.712389	0.9889585	0.06472325	0	0.9899658	0.048140682	0	-0.0008345771	0.9996045	0	0.082921855	0.9876769	0	0.13072912	-0.9825308	0	0.66	100	1e-09
0	0.38873506	0.27523842	0	-2.2008412e-17	-2.6037694e-17	1.5707964	4.712389	1.5707964	3.1415927	0	0.98385525	0.121128306	0	0.96436495	0.23275138	0	-0.0007486076	0.99960434	0	-0.97607106	-0.17459717	0	0.97227484	0.1973052	0	0.66	100	1e-09
0	0.21616527	0.41254133	0	-2.2038315e-17	-2.6037707e-17	1.5707964	4.712389	1.5707964	3.1415927	1.5707964	0.9849824	0.1111974	0	0.98106027	0.14447351	0	-0.0005222622	0.9996048	0	-0.97511214	-0.18007262	0	0.09041809	0.9875037	0	0.66	100	1e-09
0	0.0056234975	0.22750486	0	-2.194264e-17	-2.6037713e-17	1.5707964	4.712389	1.5707964	3.1415927	3.1415927	0.98388845	0.1206071	0	0.9907829	-0.02240881	0	-0.0004662461	0.99960524	0	-0.9768261	-0.17027354	0	-0.96926147	0.20999432	0	0.66	100	1e-09
0	0.22212364	0.010506891	0	-2.1894832e-17	-2.6037702e-17	1.5707964	4.712389	1.5707964	3.1415927	4.712389	0.98195624	0.1359804	0	0.98908913	0.06378133	0	-0.0007851448	0.99960464	0	-0.97805256	-0.16281359	0	0.11841049	-0.98401827	0	0.66	100	1e-09
0	0.6018698	0.077721946	0	-2.2092313e-17	-2.603769e-17	1.5707964	4.712389	1.5707964	4.712389	0	0.98993623	-0.055461578	0	0.96476895	0.23124026	0	-0.000564743	0.99960434	0	0.08371975	-0.9880673	0	0.97148824	0.2012941	0	0.66	100	1e-09
0	0.42924133	0.21612464	0	-2.2120462e-17	-2.6037702e-17	1.5707964	4.712389	1.5707964	4.712389	1.5707964	0.9894392	-0.06368182	0	0.9807835	0.14671585	0	-0.00034247988	0.99960464	0	0.07645889	-0.98863924	0	0.09986762	0.9866235	0	0.66	100	1e-09
0	0.21601957	0.031657316	0	-2.2018243e-17	-2.6037708e-17	1.5707964	4.712389	1.5707964	4.712389	3.1415927	0.9896199	-0.060041405	0	0.9909578	-0.014266235	0	-0.0002825125	0.999605	0	0.06639254	-0.9893404	0	-0.9665897	0.22232965	0	0.66	100	1e-09
0	0.43815738	-0.18935674	0	-2.1972205e-17	-2.6037695e-17	1.5707964	4.712389	1.5707964	4.712389	4.712389	0.990293	-0.04759667	0	0.98860234	0.071629904	0	-0.0006013536	0.9996045	0	0.07651353	-0.98862934	0	0.1359795	-0.98179215	0	0.66	100	1e-09
0	0.1764303	0.38816458	0	-2.2005516e-17	-2.6037639e-17	3.1415927	0	1.5707964	0	0	-0.9658118	-0.2263667	0	-0.123835124	0.98398644	0	-0.0003389568	0.9996023	0	0.98161995	0.13917959	0	0.99051744	0.044421293	0	0.66	100	1e-09
0	0.025140533	0.56917435	0	-2.197332e-17	-2.6037647e-17	3.1415927	0	1.5707964	0	1.5707964	-0.95893705	-0.25482768	0	-0.04663186	0.99041814	0	-0.00015858944	0.9996025	0	0.98284394	0.1299922	0	0.14858623	0.98068684	0	0.66	100	1e-09
0	-0.39599848	0.17297904	0	-2.2018625e-17	-2.6037665e-17	3.1415927	0	1.5707964	0	3.1415927	-0.9851117	-0.110665776	0	-0.9900294	-0.05442295	0	0.00071592844	0.9996033	0	0.9742191	0.18486214	0	-0.9797865	-0.15448149	0	0.66	100	1e-09
0	-0.2116963	0.023706784	0	-2.204855e-17	-2.6037662e-17	3.1415927	0	1.5707964	0	4.712389	-0.98624957	-0.09954799	0	-0.991345	0.018767348	0	0.0004709874	0.9996031	0	0.97331685	0.18973418	0	-0.05467477	-0.9900227	0	0.66	100	1e-09
0	-0.21214354	0.42032978	0	-2.2069245e-17	-2.6037662e-17	3.1415927	0	1.5707964	1.5707964	0	-0.9895458	0.0624103	0	-0.97166204	0.19794092	0	0.00022343353	0.9996032	0	-0.08029001	0.9883418	0	0.9805568	-0.14664716	0	0.66	100	1e-09
0	-0.42472976	0.63347936	0	-2.2028457e-17	-2.6037665e-17	3.1415927	0	1.5707964	1.5707964	1.5707964	-0.9902585	0.0496308	0	-0.9809719	0.14150323	0	0.0005262433	0.9996033	0	-0.09092345	0.9874465	0	-0.062021043	0.989213	0	0.66	100	1e-09
0	-0.6115695	0.36567658	0	-2.2110956e-17	-2.6037674e-17	3.1415927	0	1.5707964	1.5707964	3.1415927	-0.98981375	0.058853608	0	-0.989877	-0.057831526	0	0.0005367644	0.99960357	0	-0.09958345	0.9866408	0	-0.97910976	-0.15888353	0	0.66	100	1e-09
0	-0.42739815	0.21576737	0	-2.2138786e-17	-2.603767e-17	3.1415927	0	1.5707964	1.5707964	4.712389	-0.9892224	0.068119235	0	-0.9914679	0.013066714	0	0.0002964182	0.9996035	0	-0.09109288	0.9874372	0	-0.065503895	-0.9893897	0	0.66	100	1e-09
0	-0.389207	0.2765223	0	-2.2041354e-17	-2.6037662e-17	3.1415927	0	1.5707964	3.1415927	0	-0.9816354	0.14078099	0	-0.9696766	0.20780984	0	0.00024285357	0.9996031	0	-0.97618264	0.17640868	0	0.98121685	-0.14199112	0	0.66	100	1e-09
0	-0.6024368	0.4864054	0	-2.2006237e-17	-2.6037667e-17	3.1415927	0	1.5707964	3.1415927	1.5707964	-0.9837929	0.124504454	0	-0.97960347	0.15101789	0	0.00054890476	0.9996033	0	-0.9775913	0.1683114	0	-0.07174543	0.98858994	0	0.66	100	1e-09
0	-0.78587914	0.22135878	0	-2.2089337e-17	-2.6037674e-17	3.1415927	0	1.5707964	3.1415927	3.1415927	-0.98299015	0.13122866	0	-0.99043804	-0.04743801	0	0.0005610949	0.99960375	0	-0.976362	0.17552002	0	-0.98016685	-0.15212046	0	0.66	100	1e-09
0	-0.60421526	0.07147714	0	-2.211267e-17	-2.603767e-17	3.1415927	0	1.5707964	3.1415927	4.712389	-0.98135847	0.1430766	0	-0.99134994	0.021089708	0	0.00031920313	0.9996035	0	-0.97511023	0.18245353	0	-0.07357667	-0.9888376	0	0.66	100	1e-09
0	-0.21314457	0.013972946	0	-2.194327e-17	-2.6037652e-17	3.1415927	0	1.5707964	4.712389	0	-0.990294	-0.039836235	0	-0.9656707	0.22626726	0	0.0004476861	0.9996027	0	-0.09312037	-0.98674995	0	0.98291445	-0.12941909	0	0.66	100	1e-09
0	-0.4253738	0.22371095	0	-2.1907945e-17	-2.6037657e-17	3.1415927	0	1.5707964	4.712389	1.5707964	-0.98954546	-0.05611709	0	-0.97636276	0.17113511	0	0.00074998825	0.99960274	0	-0.10489943	-0.9856271	0	-0.05681156	0.989561	0	0.66	100	1e-09
0	-0.6165212	-0.041477904	0	-2.198354e-17	-2.6037662e-17	3.1415927	0	1.5707964	4.712389	3.1415927	-0.9903583	-0.039187025	0	-0.9907555	-0.039231125	0	0.0007664324	0.9996033	0	-0.12101351	-0.98380464	0	-0.981245	-0.14476995	0	0.66	100	1e-09
0	-0.43154365	-0.19430773	0	-2.20074e-17	-2.603766e-17	3.1415927	0	1.5707964	4.712389	4.712389	-0.99070996	-0.028079197	0	-0.991057	0.03123868	0	0.0005223832	0.99960303	0	-0.11129578	-0.9848979	0	-0.06517806	-0.98940325	0	0.66	100	1e-09
0	0.17614056	0.38856784	0	-2.2005516e-17	-2.6037639e-17	3.1415927	1.5707964	1.5707964	0	0	-0.9663799	-0.22383852	0	-0.124693505	0.9838807	0	-0.00033957884	0.9996022	0	0.9815639	0.13957834	0	0.99055195	0.043616325	0	0.66	100	1e-09
0	0.02510986	0.5692258	0	-2.197332e-17	-2.6037647e-17	3.1415927	1.5707964	1.5707964	0	1.5707964	-0.95897824	-0.2546671	0	-0.046685312	0.9904157	0	-0.0001586252	0.9996025	0	0.982832	0.13008457	0	0.14853935	0.9806937	0	0.66	100	1e-09
0	-0.3959986	0.17298198	0	-2.2018623e-17	-2.6037662e-17	3.1415927	1.5707964	1.5707964	0	3.1415927	-0.98510975	-0.11068396	0	-0.99003035	-0.05440379	0	0.000715939	0.9996031	0	0.9742229	0.18484119	0	-0.9797919	-0.15444683	0	0.66	100	1e-09
0	-0.21172325	0.023733066	0	-2.204855e-17	-2.603766e-17	3.1415927	1.5707964	1.5707964	0	4.712389	-0.9862488	-0.099556364	0	-0.9913435	0.018856391	0	0.00047097678	0.9996031	0	0.97330856	0.18977806	0	-0.054803655	-0.99001586	0	0.66	100	1e-09
0	-0.21213679	0.4203229	0	-2.2069245e-17	-2.6037662e-17	3.1415927	1.5707964	1.5707964	1.5707964	0	-0.98954755	0.062382046	0	-0.97167176	0.1978916	0	0.00022347114	0.9996032	0	-0.08025055	0.9883449	0	0.98056257	-0.14660724	0	0.66	100	1e-09
0	-0.4247287	0.6334799	0	-2.2028457e-17	-2.6037667e-17	3.1415927	1.5707964	1.5707964	1.5707964	1.5707964	-0.9902586	0.049630452	0	-0.98097146	0.14150614	0	0.00052624184	0.9996033	0	-0.09092316	0.98744655	0	-0.062016573	0.9892133	0	0.66	100	1e-09
0	-0.6115673	0.36565703	0	-2.2110958e-17	-2.6037674e-17	3.1415927	1.5707964	1.5707964	1.5707964	3.1415927	-0.98981315	0.05886616	0	-0.9898753	-0.05786184	0	0.0005367538	0.9996036	0	-0.09958798	0.98664033	0	-0.9790972	-0.15896311	0	0.66	100	1e-09
0	-0.42739826	0.21576543	0	-2.2138788e-17	-2.603767e-17	3.1415927	1.5707964	1.5707964	1.5707964	4.712389	-0.98922247	0.06811799	0	-0.9914679	0.013058188	0	0.00029642112	0.9996035	0	-0.09109275	0.9874372	0	-0.06550437	-0.9893897	0	0.66	100	1e-09
0	-0.3892055	0.27653065	0	-2.2041354e-17	-2.6037662e-17	3.1415927	1.5707964	1.5707964	3.1415927	0	-0.98163545	0.14077985	0	-0.96967155	0.20783435	0	0.00024284466	0.9996032	0	-0.97618175	0.17641413	0	0.98121864	-0.14197825	0	0.66	100	1e-09
0	-0.60243034	0.48641056	0	-2.2006234e-17	-2.6037665e-17	3.1415927	1.5707964	1.5707964	3.1415927	1.5707964	-0.98379266	0.12450663	0	-0.97960067	0.15103598	0	0.00054889347	0.99960333	0	-0.9775906	0.16831486	0	-0.07171657	0.98859197	0	0.66	100	1e-09
0	-0.78587466	0.22133574	0	-2.208934e-17	-2.6037675e-17	3.1415927	1.5707964	1.5707964	3.1415927	3.1415927	-0.9829874	0.13124977	0	-0.99043584	-0.047482297	0	0.00056108006	0.9996036	0	-0.9763599	0.17553246	0	-0.980151	-0.15222487	0	0.66	100	1e-09
0	-0.604211	0.07147486	0	-2.211267e-17	-2.603767e-17	3.1415927	1.5707964	1.5707964	3.1415927	4.712389	-0.98135835	0.1430774	0	-0.9913501	0.021081652	0	0.0003192027	0.9996035	0	-0.9751107	0.18245094	0	-0.0735551	-0.9888392	0	0.66	100	1e-09
0	-0.2131462	0.013969717	0	-2.1943274e-17	-2.6037652e-17	3.1415927	1.5707964	1.5707964	4.712389	0	-0.9902926	-0.039871946	0	-0.96566194	0.226306	0	0.00044768074	0.99960274	0	-0.09313594	-0.9867486	0	0.9829118	-0.1294397	0	0.66	100	1e-09
0	-0.42539543	0.22369897	0	-2.1907943e-17	-2.6037655e-17	3.1415927	1.5707964	1.5707964	4.712389	1.5707964	-0.98954606	-0.056107525	0	-0.97637415	0.17106928	0	0.00075001887	0.9996028	0	-0.10491081	-0.985626	0	-0.05689618	0.98955625	0	0.66	100	1e-09
0	-0.6165235	-0.04148024	0	-2.1983536e-17	-2.6037665e-17	3.1415927	1.5707964	1.5707964	4.712389	3.1415927	-0.99035877	-0.039175294	0	-0.9907552	-0.039238676	0	0.00076642603	0.9996032	0	-0.12102763	-0.9838029	0	-0.9812425	-0.14478749	0	0.66	100	1e-09
0	-0.43152958	-0.19430648	0	-2.20074e-17	-2.603766e-17	3.1415927	1.5707964	1.5707964	4.712389	4.712389	-0.990711	-0.028045148	0	-0.9910578	0.031212796	0	0.0005223579	0.99960303	0	-0.1113533	-0.98489153	0	-0.065048285	-0.9894115	0	0.66	100	1e-09
0	0.0008411935	0.22772706	0	-2.1986108e-17	-2.6037652e-17	3.1415927	3.1415927	1.5707964	0	0	-0.9849455	-0.11192177	0	-0.9689396	0.21125568	0	0.00040055244	0.99960274	0	0.9757389	0.17647901	0	0.98195165	-0.1367805	0	0.66	100	1e-09
0	-0.20587167	0.4379226	0	-2.1943401e-17	-2.6037652e-17	3.1415927	3.1415927	1.5707964	0	1.5707964	-0.9831333	-0.12742235	0	-0.9787421	0.1564353	0	0.00070253777	0.9996029	0	0.97670287	0.17086297	0	-0.044888325	0.9901343	0	0.66	100	1e-09
0	-0.39601693	0.17307872	0	-2.2018623e-17	-2.6037665e-17	3.1415927	3.1415927	1.5707964	0	3.1415927	-0.98513013	-0.110496774	0	-0.9900193	-0.054604955	0	0.00071592897	0.9996032	0	0.9741848	0.18504894	0	-0.9798361	-0.15415685	0	0.66	100	1e-09
0	-0.21168312	0.023696503	0	-2.204855e-17	-2.6037662e-17	3.1415927	3.1415927	1.5707964	0	4.712389	-0.9862507	-0.099536575	0	-0.9913459	0.01871602	0	0.00047099008	0.9996032	0	0.97331834	0.18972623	0	-0.054608468	-0.9900263	0	0.66	100	1e-09
0	-0.21214	0.42032355	0	-2.2069245e-17	-2.603766e-17	3.1415927	3.1415927	1.5707964	1.5707964	0	-0.989547	0.062392056	0	-0.97166896	0.19790599	0	0.0002234583	0.99960303	0	-0.080267265	0.98834366	0	0.9805597	-0.14662695	0	0.66	100	1e-09
0	-0.42473167	0.6334783	0	-2.2028453e-17	-2.6037667e-17	3.1415927	3.1415927	1.5707964	1.5707964	1.5707964	-0.9902585	0.0496315	0	-0.9809727	0.14149746	0	0.0005262461	0.99960333	0	-0.09092382	0.9874465	0	-0.06202963	0.98921245	0	0.66	100	1e-09
0	-0.61156785	0.36566025	0	-2.2110956e-17	-2.6037675e-17	3.1415927	3.1415927	1.5707964	1.5707964	3.1415927	-0.9898132	0.05886421	0	-0.9898757	-0.057855304	0	0.0005367547	0.9996036	0	-0.09958758	0.98664033	0	-0.979099	-0.1589519	0	0.66	100	1e-09
0	-0.427397	0.21577002	0	-2.2138786e-17	-2.603767e-17	3.1415927	3.1415927	1.5707964	1.5707964	4.712389	-0.98922217	0.068122834	0	-0.99146783	0.013076854	0	0.00029641294	0.9996035	0	-0.09109431	0.98743695	0	-0.06549719	-0.98939013	0	0.66	100	1e-09
0	-0.38920695	0.2765227	0	-2.2041354e-17	-2.6037662e-17	3.1415927	3.1415927	1.5707964	3.1415927	0	-0.98163533	0.14078106	0	-0.9696762	0.20781186	0	0.00024285243	0.9996031	0	-0.97618264	0.17640932	0	0.9812168	-0.14199184	0	0.66	100	1e-09
0	-0.6024293	0.48641086	0	-2.2006234e-17	-2.6037667e-17	3.1415927	3.1415927	1.5707964	3.1415927	1.5707964	-0.98379284	0.12450528	0	-0.97960025	0.15103905	0	0.0005488924	0.9996033	0	-0.9775908	0.1683141	0	-0.071711615	0.98859245	0	0.66	100	1e-09
0	-0.78587383	0.22133052	0	-2.208934e-17	-2.6037675e-17	3.1415927	3.1415927	1.5707964	3.1415927	3.1415927	-0.9829869	0.13125339	0	-0.9904352	-0.047496293	0	0.0005610792	0.9996036	0	-0.9763597	0.17553332	0	-0.98014855	-0.15224138	0	0.66	100	1e-09
0	-0.60421467	0.071480624	0	-2.2112672e-17	-2.6037674e-17	3.1415927	3.1415927	1.5707964	3.1415927	4.712389	-0.98135805	0.14308004	0	-0.9913496	0.021105718	0	0.0003191971	0.9996035	0	-0.9751105	0.18245167	0	-0.073574625	-0.98883784	0	0.66	100	1e-09
0	-0.21314347	0.0139710065	0	-2.1943272e-17	-2.6037652e-17	3.1415927	3.1415927	1.5707964	4.712389	0	-0.9902934	-0.03985211	0	-0.9656682	0.22627847	0	0.00044768723	0.99960274	0	-0.09311732	-0.98675025	0	0.9829139	-0.12942383	0	0.66	100	1e-09
0	-0.42539912	0.22369751	0	-2.1907945e-17	-2.6037655e-17	3.1415927	3.1415927	1.5707964	4.712389	1.5707964	-0.9895461	-0.056103703	0	-0.976376	0.17105867	0	0.0007500231	0.9996028	0	-0.10491336	-0.98562586	0	-0.056909967	0.9895555	0	0.66	100	1e-09
0	-0.6165118	-0.04149046	0	-2.1983539e-17	-2.6037662e-17	3.1415927	3.1415927	1.5707964	4.712389	3.1415927	-0.9903576	-0.039206054	0	-0.9907541	-0.03926286	0	0.00076644873	0.9996032	0	-0.12097003	-0.98380977	0	-0.98124397	-0.14477676	0	0.66	100	1e-09
0	-0.43154424	-0.19430481	0	-2.20074e-17	-2.6037662e-17	3.1415927	3.1415927	1.5707964	4.712389	4.712389	-0.99070996	-0.028074566	0	-0.9910567	0.031248236	0	0.0005223782	0.99960303	0	-0.1113001	-0.9848974	0	-0.065176986	-0.98940325	0	0.66	100	1e-09
0	0.13408194	0.019683436	0	-2.1821461e-17	-2.6037727e-17	3.1415927	4.712389	1.5707964	0	0	-0.9907313	-0.011133336	0	-0.29756486	-0.9462333	0	0.0002677735	0.9996054	0	0.9751006	0.18005547	0	0.9833376	-0.12387731	0	0.66	100	1e-09
0	-0.061353646	0.2248618	0	-2.1857652e-17	-2.6037737e-17	3.1415927	4.712389	1.5707964	0	1.5707964	-0.9902116	-0.03564366	0	-0.11579775	-0.9840125	0	0.0004466003	0.99960595	0	0.97701657	0.16899838	0	-0.17822212	0.9753605	0	0.66	100	1e-09
0	-0.26830032	0.022631995	0	-2.1943638e-17	-2.6037727e-17	3.1415927	4.712389	1.5707964	0	3.1415927	-0.9900807	-0.0414258	0	-0.33942997	-0.9335277	0	0.0005447638	0.99960554	0	0.9746047	0.18275656	0	-0.9871405	-0.09424857	0	0.66	100	1e-09
0	-0.21202339	0.023929233	0	-2.2048552e-17	-2.6037662e-17	3.1415927	4.712389	1.5707964	0	4.712389	-0.9862785	-0.09925821	0	-0.9913466	0.018691607	0	0.0004709857	0.9996031	0	0.9731623	0.19055404	0	-0.056125116	-0.98994434	0	0.66	100	1e-09
0	-0.21214251	0.4203197	0	-2.2069245e-17	-2.6037662e-17	3.1415927	4.712389	1.5707964	1.5707964	0	-0.98954666	0.062397808	0	-0.9716698	0.19790164	0	0.00022345528	0.9996031	0	-0.08027642	0.9883429	0	0.9805568	-0.14664708	0	0.66	100	1e-09
0	-0.4247379	0.63347465	0	-2.2028455e-17	-2.6037667e-17	3.1415927	4.712389	1.5707964	1.5707964	1.5707964	-0.99025846	0.04963337	0	-0.98097533	0.14147925	0	0.0005262551	0.9996032	0	-0.090925194	0.9874463	0	-0.06205677	0.9892108	0	0.66	100	1e-09
0	-0.611568	0.3656644	0	-2.2110958e-17	-2.6037675e-17	3.1415927	4.712389	1.5707964	1.5707964	3.1415927	-0.9898132	0.058861177	0	-0.9898752	-0.05786207	0	0.00053676247	0.9996036	0	-0.09958404	0.98664075	0	-0.9791038	-0.15892147	0	0.66	100	1e-09
0	-0.42739832	0.21576528	0	-2.2138784e-17	-2.603767e-17	3.1415927	4.712389	1.5707964	1.5707964	4.712389	-0.9892226	0.068117805	0	-0.99146795	0.013057532	0	0.00029642158	0.9996035	0	-0.09109254	0.9874372	0	-0.06550502	-0.98938954	0	0.66	100	1e-09
0	-0.3891911	0.276606	0	-2.2041354e-17	-2.6037665e-17	3.1415927	4.712389	1.5707964	3.1415927	0	-0.9816284	0.14082904	0	-0.96961474	0.20810612	0	0.00024271492	0.9996031	0	-0.97617996	0.17642483	0	0.981225	-0.14193316	0	0.66	100	1e-09
0	-0.60243726	0.48640576	0	-2.2006237e-17	-2.6037667e-17	3.1415927	4.712389	1.5707964	3.1415927	1.5707964	-0.98379266	0.12450622	0	-0.9796036	0.15101673	0	0.00054890465	0.99960333	0	-0.97759104	0.16831264	0	-0.071747884	0.9885899	0	0.66	100	1e-09
0	-0.7858751	0.22133802	0	-2.2089337e-17	-2.6037675e-17	3.1415927	4.712389	1.5707964	3.1415927	3.1415927	-0.9829876	0.13124788	0	-0.9904361	-0.047478195	0	0.0005610816	0.9996036	0	-0.97636	0.17553127	0	-0.9801526	-0.15221444	0	0.66	100	1e-09
0	-0.60419023	0.07147008	0	-2.2112672e-17	-2.603767e-17	3.1415927	4.712389	1.5707964	3.1415927	4.712389	-0.98135746	0.14308394	0	-0.9913502	0.02107624	0	0.00031918942	0.9996035	0	-0.97511387	0.18243356	0	-0.07344885	-0.9888469	0	0.66	100	1e-09
0	-0.21314433	0.013972829	0	-2.194327e-17	-2.6037655e-17	3.1415927	4.712389	1.5707964	4.712389	0	-0.9902933	-0.03985416	0	-0.9656659	0.22628865	0	0.00044768336	0.9996028	0	-0.09312412	-0.98674953	0	0.9829139	-0.1294235	0	0.66	100	1e-09
0	-0.42539683	0.22369859	0	-2.1907943e-17	-2.6037652e-17	3.1415927	4.712389	1.5707964	4.712389	1.5707964	-0.9895461	-0.056105427	0	-0.9763748	0.17106548	0	0.0007500203	0.9996028	0	-0.10491202	-0.98562586	0	-0.056901243	0.98955595	0	0.66	100	1e-09
0	-0.6165216	-0.041480593	0	-2.1983537e-17	-2.6037665e-17	3.1415927	4.712389	1.5707964	4.712389	3.1415927	-0.99035853	-0.03918189	0	-0.9907552	-0.039238505	0	0.0007664298	0.9996032	0	-0.12101753	-0.9838041	0	-0.98124325	-0.14478162	0	0.66	100	1e-09
0	-0.4315244	-0.1943106	0	-2.2007403e-17	-2.6037662e-17	3.1415927	4.712389	1.5707964	4.712389	4.712389	-0.9907108	-0.028044937	0	-0.99105835	0.031193417	0	0.0005223596	0.9996031	0	-0.11135748	-0.98489124	0	-0.06501758	-0.9894135	0	0.66	100	1e-09
0	0.6315786	0.09704612	0	-2.2025704e-17	-2.6037675e-17	4.712389	0	1.5707964	0	0	0.26864713	-0.9558132	0	0.9304978	0.34890848	0	-0.00035615297	0.9996036	0	0.9863658	-0.10241368	0	0.9727383	0.1949454	0	0.66	100	1e-09
0	0.46237692	0.23065497	0	-2.205337e-17	-2.6037689e-17	4.712389	0	1.5707964	0	1.5707964	0.2658319	-0.9565574	0	0.9653554	0.23022163	0	-0.00013695171	0.9996041	0	0.98587185	-0.10708719	0	0.0949623	0.9870937	0	0.66	100	1e-09
0	0.24831074	0.040339295	0	-2.1956573e-17	-2.6037699e-17	4.712389	0	1.5707964	0	3.1415927	0.23442163	-0.96441466	0	0.98944	0.053927988	0	-8.183795e-05	0.9996045	0	0.9866802	-0.09904298	0	-0.9689061	0.2116216	0	0.66	100	1e-09
0	0.46646455	-0.1743553	0	-2.1910114e-17	-2.6037685e-17	4.712389	0	1.5707964	0	4.712389	0.24136473	-0.9627656	0	0.9772116	0.16710526	0	-0.00039632843	0.99960405	0	0.98729056	-0.09274898	0	0.12685221	-0.982971	0	0.66	100	1e-09
0	0.43009228	0.31741288	0	-2.1929245e-17	-2.6037679e-17	4.712389	0	1.5707964	1.5707964	0	0.07224042	-0.98837495	0	0.9029767	0.41760412	0	-0.0005026682	0.9996036	0	0.20155376	0.9709648	0	0.9741934	0.18726696	0	0.66	100	1e-09
0	0.26257068	0.44555274	0	-2.1957506e-17	-2.603769e-17	4.712389	0	1.5707964	1.5707964	1.5707964	0.075050235	-0.9881302	0	0.95908546	0.25580212	0	-0.00028198826	0.9996042	0	0.19324827	0.972579	0	0.085751556	0.9879084	0	0.66	100	1e-09
0	0.04734205	0.2500356	0	-2.1868233e-17	-2.6037702e-17	4.712389	0	1.5707964	1.5707964	3.1415927	0.043072905	-0.9899882	0	0.9885508	0.06699737	0	-0.00023126257	0.9996047	0	0.17701438	0.9755786	0	-0.9716966	0.19798547	0	0.66	100	1e-09
0	0.26401475	0.038140163	0	-2.18205e-17	-2.6037685e-17	4.712389	0	1.5707964	1.5707964	4.712389	0.047932528	-0.9897915	0	0.9725412	0.19251876	0	-0.0005426906	0.99960405	0	0.18974116	0.9732803	0	0.11040135	-0.98491085	0	0.66	100	1e-09
0	-0.009025131	0.20332003	0	-2.198262e-17	-2.6037627e-17	4.712389	0	1.5707964	3.1415927	0	-0.05921021	-0.98942786	0	0.0148357125	0.99181914	0	-4.631191e-05	0.9996017	0	-0.98873	-0.069268316	0	0.9880251	0.08387554	0	0.66	100	1e-09
0	-0.16156588	0.38044405	0	-2.1967235e-17	-2.6037632e-17	4.712389	0	1.5707964	3.1415927	1.5707964	-0.046911728	-0.9900762	0	0.090804495	0.9879284	0	0.00012406758	0.9996019	0	-0.9881184	-0.07766432	0	0.13627204	0.9824301	0	0.66	100	1e-09
0	-0.45055762	0.20691286	0	-2.1888549e-17	-2.6037629e-17	4.712389	0	1.5707964	3.1415927	3.1415927	-0.14901127	-0.9801045	0	-0.12583391	0.9833703	0	0.00026712136	0.9996018	0	-0.9901013	-0.046598706	0	-0.9881088	0.07829542	0	0.66	100	1e-09
0	-0.24643593	-0.0051268586	0	-2.1914458e-17	-2.6037622e-17	4.712389	0	1.5707964	3.1415927	4.712389	-0.16360766	-0.97782207	0	-0.19938253	0.9717041	0	4.862541e-05	0.99960154	0	-0.9905622	-0.035232168	0	0.121324085	-0.98388565	0	0.66	100	1e-09
0	0.2782671	0.025880808	0	-2.206556e-17	-2.6037622e-17	4.712389	0	1.5707964	4.712389	0	0.16644591	-0.97826415	0	0.08366193	0.98847395	0	5.519142e-05	0.99960154	0	0.1545293	-0.9797889	0	0.9866431	0.09938144	0	0.66	100	1e-09
0	0.12820005	0.19989797	0	-2.2049245e-17	-2.6037629e-17	4.712389	0	1.5707964	4.712389	1.5707964	0.17407033	-0.97702724	0	0.16482963	0.9785975	0	0.0002166894	0.9996019	0	0.14529486	-0.98116255	0	0.15658881	0.9794803	0	0.66	100	1e-09
0	-0.15745364	0.02639197	0	-2.1952722e-17	-2.6037622e-17	4.712389	0	1.5707964	4.712389	3.1415927	0.09879469	-0.9871541	0	-0.026472325	0.9909488	0	0.00035898428	0.9996017	0	0.12486181	-0.9838949	0	-0.9848113	0.11245856	0	0.66	100	1e-09
0	0.05604838	-0.19270256	0	-2.1980771e-17	-2.6037614e-17	4.712389	0	1.5707964	4.712389	4.712389	0.09388474	-0.9875576	0	-0.10975657	0.98542213	0	0.00014045367	0.9996014	0	0.13858296	-0.9821047	0	0.15739033	-0.9788741	0	0.66	100	1e-09
0	0.4241331	0.20383452	0	-2.2089708e-17	-2.6037622e-17	4.712389	1.5707964	1.5707964	0	0	0.07146935	-0.9893154	0	0.07272284	0.9892744	0	-1.0977575e-05	0.9996016	0	0.98901594	-0.0710613	0	0.98746836	0.090673395	0	0.66	100	1e-09
0	0.278517	0.37789953	0	-2.2068153e-17	-2.6037629e-17	4.712389	1.5707964	1.5707964	0	1.5707964	0.08159812	-0.9885898	0	0.15631936	0.97989404	0	0.0001500242	0.99960184	0	0.9883922	-0.0793607	0	0.16612534	0.9779518	0	0.66	100	1e-09
0	-0.005234806	0.20737706	0	-2.1970757e-17	-2.6037624e-17	4.712389	1.5707964	1.5707964	0	3.1415927	0.011298189	-0.9918108	0	-0.041348834	0.99043804	0	0.00029384875	0.9996016	0	0.9894843	-0.06356551	0	-0.98590153	0.102221906	0	0.66	100	1e-09
0	0.20710929	-0.008034195	0	-2.200596e-17	-2.6037617e-17	4.712389	1.5707964	1.5707964	0	4.712389	0.0037890242	-0.9918144	0	-0.12314476	0.9838905	0	7.352517e-05	0.9996014	0	0.9900437	-0.054130077	0	0.16478506	-0.97771835	0	0.66	100	1e-09
0	0.19791807	0.4132401	0	-2.2020661e-17	-2.6037624e-17	4.712389	1.5707964	1.5707964	1.5707964	0	-0.14636426	-0.9807213	0	0.007191251	0.9918463	0	-0.00012738956	0.9996016	0	0.1400851	0.9814714	0	0.98880565	0.07400237	0	0.66	100	1e-09
0	0.047081143	0.59366256	0	-2.199839e-17	-2.6037632e-17	4.712389	1.5707964	1.5707964	1.5707964	1.5707964	-0.13390665	-0.9824382	0	0.08621669	0.9882607	0	3.9677398e-05	0.999602	0	0.13347736	0.9823436	0	0.14957866	0.9805447	0	0.66	100	1e-09
0	-0.25074193	0.41393656	0	-2.1917497e-17	-2.6037629e-17	4.712389	1.5707964	1.5707964	1.5707964	3.1415927	-0.2268544	-0.96580863	0	-0.13806795	0.98175067	0	0.00018883709	0.99960184	0	0.09988361	0.9862538	0	-0.9888596	0.06788515	0	0.66	100	1e-09
0	-0.040556002	0.20178173	0	-2.1952027e-17	-2.6037622e-17	4.712389	1.5707964	1.5707964	1.5707964	4.712389	-0.23821922	-0.9631648	0	-0.20861793	0.96982425	0	-2.968542e-05	0.99960154	0	0.1111719	0.9851018	0	0.13291489	-0.9824541	0	0.66	100	1e-09
0	-0.009631533	0.20360959	0	-2.1982621e-17	-2.6037624e-17	4.712389	1.5707964	1.5707964	3.1415927	0	-0.0613125	-0.9893013	0	0.013989088	0.9918308	0	-4.6268004e-05	0.9996017	0	-0.9888488	-0.067523435	0	0.9880609	0.08344014	0	0.66	100	1e-09
0	-0.16156627	0.38044962	0	-2.1967235e-17	-2.6037632e-17	4.712389	1.5707964	1.5707964	3.1415927	1.5707964	-0.046931006	-0.9900753	0	0.09080103	0.9879289	0	0.00012406078	0.999602	0	-0.9881206	-0.07763457	0	0.13629515	0.98242706	0	0.66	100	1e-09
0	-0.4506232	0.20692085	0	-2.1888549e-17	-2.6037629e-17	4.712389	1.5707964	1.5707964	3.1415927	3.1415927	-0.14919232	-0.9800775	0	-0.1259699	0.9833531	0	0.00026716737	0.99960184	0	-0.9901063	-0.04649268	0	-0.9881147	0.07821947	0	0.66	100	1e-09
0	-0.24643505	-0.00513352	0	-2.1914458e-17	-2.6037619e-17	4.712389	1.5707964	1.5707964	3.1415927	4.712389	-0.16356903	-0.97782844	0	-0.199371	0.9717064	0	4.8630915e-05	0.9996015	0	-0.9905613	-0.035255846	0	0.12127741	-0.9838912	0	0.66	100	1e-09
0	0.27828124	0.025883812	0	-2.206556e-17	-2.6037622e-17	4.712389	1.5707964	1.5707964	4.712389	0	0.16648094	-0.9782583	0	0.08368478	0.98847216	0	5.5179447e-05	0.99960154	0	0.15454307	-0.9797868	0	0.9866421	0.09939046	0	0.66	100	1e-09
0	0.12819664	0.19989789	0	-2.2049245e-17	-2.6037629e-17	4.712389	1.5707964	1.5707964	4.712389	1.5707964	0.17406255	-0.9770285	0	0.16482559	0.9785981	0	0.00021669184	0.99960184	0	0.14529294	-0.98116285	0	0.1565854	0.9794809	0	0.66	100	1e-09
0	-0.15747473	0.02639447	0	-2.1952722e-17	-2.6037622e-17	4.712389	1.5707964	1.5707964	4.712389	3.1415927	0.098750666	-0.9871585	0	-0.026523633	0.99094737	0	0.00035901892	0.9996016	0	0.124849595	-0.9838964	0	-0.98480916	0.11247816	0	0.66	100	1e-09
0	0.056048494	-0.19270253	0	-2.1980771e-17	-2.6037614e-17	4.712389	1.5707964	1.5707964	4.712389	4.712389	0.09388294	-0.98755777	0	-0.10975897	0.9854219	0	0.00014045485	0.9996013	0	0.13858317	-0.9821046	0	0.15739486	-0.9788733	0	0.66	100	1e-09
0	0.18873867	0.06416354	0	-2.1970853e-17	-2.603761e-17	4.712389	3.1415927	1.5707964	0	0	-0.13229217	-0.9829668	0	-0.9034961	0.41562226	0	0.00078511727	0.99960124	0	0.9911763	-0.024372758	0	0.9875203	-0.08706628	0	0.66	100	1e-09
0	-0.01723276	0.2637508	0	-2.1930732e-17	-2.603761e-17	4.712389	3.1415927	1.5707964	0	1.5707964	-0.14334694	-0.9814724	0	-0.9337623	0.33768773	0	0.0010878314	0.99960124	0	0.99106014	-0.028331738	0	-0.0012023993	0.9912691	0	0.66	100	1e-09
0	-0.23583378	-0.018710682	0	-2.1986075e-17	-2.6037622e-17	4.712389	3.1415927	1.5707964	0	3.1415927	-0.19748345	-0.97225934	0	-0.9911526	0.02095319	0	0.001167544	0.9996016	0	0.9913851	-0.010620526	0	-0.9830857	-0.1312284	0	0.66	100	1e-09
0	-0.044893365	-0.17369531	0	-2.2014213e-17	-2.6037622e-17	4.712389	3.1415927	1.5707964	0	4.712389	-0.19098988	-0.97350204	0	-0.98613214	0.10301775	0	0.0009158475	0.9996016	0	0.9914289	-0.0068976767	0	-0.03968958	-0.9906962	0	0.66	100	1e-09
0	-0.21210134	0.42029995	0	-2.2069245e-17	-2.603766e-17	4.712389	3.1415927	1.5707964	1.5707964	0	-0.98956627	0.062077276	0	-0.97153854	0.19856574	0	0.00022325864	0.9996032	0	-0.08011662	0.98835546	0	0.9804914	-0.14710197	0	0.66	100	1e-09
0	-0.42471692	0.6334865	0	-2.2028453e-17	-2.6037667e-17	4.712389	3.1415927	1.5707964	1.5707964	1.5707964	-0.9902588	0.049625304	0	-0.9809665	0.14154065	0	0.00052622554	0.9996032	0	-0.09092012	0.98744684	0	-0.061965562	0.98921645	0	0.66	100	1e-09
0	-0.6115675	0.36565813	0	-2.2110956e-17	-2.6037674e-17	4.712389	3.1415927	1.5707964	1.5707964	3.1415927	-0.98981315	0.058865596	0	-0.9898755	-0.057857823	0	0.0005367534	0.9996036	0	-0.09958825	0.98664033	0	-0.9790975	-0.15896104	0	0.66	100	1e-09
0	-0.42739683	0.21577168	0	-2.2138786e-17	-2.603767e-17	4.712389	3.1415927	1.5707964	1.5707964	4.712389	-0.98922205	0.06812464	0	-0.99146765	0.01308354	0	0.00029641023	0.99960345	0	-0.09109468	0.987437	0	-0.06549606	-0.98939025	0	0.66	100	1e-09
0	-0.38920772	0.27651918	0	-2.2041354e-17	-2.6037662e-17	4.712389	3.1415927	1.5707964	3.1415927	0	-0.98163563	0.14077912	0	-0.9696777	0.20780502	0	0.00024286166	0.9996032	0	-0.97618794	0.17637853	0	0.98121977	-0.14196977	0	0.66	100	1e-09
0	-0.60243964	0.48640487	0	-2.2006234e-17	-2.6037667e-17	4.712389	3.1415927	1.5707964	3.1415927	1.5707964	-0.98379236	0.124509215	0	-0.9796049	0.15100873	0	0.0005489076	0.9996032	0	-0.9775908	0.16831408	0	-0.07175941	0.98858905	0	0.66	100	1e-09
0	-0.78587425	0.22133324	0	-2.208934e-17	-2.6037674e-17	4.712389	3.1415927	1.5707964	3.1415927	3.1415927	-0.98298717	0.13125129	0	-0.9904355	-0.047490336	0	0.0005610804	0.9996038	0	-0.9763599	0.17553234	0	-0.9801502	-0.1522307	0	0.66	100	1e-09
0	-0.6042138	0.07148115	0	-2.2112672e-17	-2.6037674e-17	4.712389	3.1415927	1.5707964	3.1415927	4.712389	-0.9813579	0.14308044	0	-0.9913495	0.021109058	0	0.00031919527	0.9996035	0	-0.97511065	0.18245089	0	-0.07357003	-0.9888381	0	0.66	100	1e-09
0	-0.2131459	0.0139710875	0	-2.194327e-17	-2.6037652e-17	4.712389	3.1415927	1.5707964	4.712389	0	-0.99029315	-0.039856933	0	-0.96566546	0.22629045	0	0.00044768248	0.99960274	0	-0.09313139	-0.98674893	0	0.9829128	-0.12943189	0	0.66	100	1e-09
0	-0.42534387	0.2237267	0	-2.1907941e-17	-2.6037655e-17	4.712389	3.1415927	1.5707964	4.712389	1.5707964	-0.98954445	-0.056133654	0	-0.9763471	0.17122571	0	0.0007499474	0.99960274	0	-0.10488241	-0.9856289	0	-0.056695376	0.98956764	0	0.66	100	1e-09
0	-0.61651826	-0.041485127	0	-2.1983539e-17	-2.6037662e-17	4.712389	3.1415927	1.5707964	4.712389	3.1415927	-0.99035823	-0.03918792	0	-0.99075466	-0.039248835	0	0.0007664351	0.9996032	0	-0.12100222	-0.9838059	0	-0.98124254	-0.1447861	0	0.66	100	1e-09
0	-0.43152383	-0.19430864	0	-2.20074e-17	-2.603766e-17	4.712389	3.1415927	1.5707964	4.712389	4.712389	-0.9907111	-0.02803942	0	-0.9910583	0.031197648	0	0.0005223545	0.99960303	0	-0.11136398	-0.9848904	0	-0.06500813	-0.989414	0	0.66	100	1e-09
0	0.13407186	0.019684374	0	-2.182146e-17	-2.6037727e-17	4.712389	4.712389	1.5707964	0	0	-0.99073136	-0.011133574	0	-0.29761267	-0.9462185	0	0.00026780035	0.99960554	0	0.97509974	0.18005987	0	0.98333573	-0.12389145	0	0.66	100	1e-09
0	-0.06136318	0.2248588	0	-2.1857652e-17	-2.6037737e-17	4.712389	4.712389	1.5707964	0	1.5707964	-0.9902114	-0.035648994	0	-0.11579466	-0.98401284	0	0.00044660497	0.99960595	0	0.97701675	0.16899829	0	-0.17827308	0.9753517	0	0.66	100	1e-09
0	-0.26833123	0.022637662	0	-2.1943638e-17	-2.6037727e-17	4.712389	4.712389	1.5707964	0	3.1415927	-0.9900806	-0.041428264	0	-0.33958638	-0.9334723	0	0.00054485345	0.99960554	0	0.97460324	0.18276504	0	-0.9871374	-0.09428169	0	0.66	100	1e-09
0	-0.21206395	0.023918994	0	-2.204855e-17	-2.603766e-17	4.712389	4.712389	1.5707964	0	4.712389	-0.9862866	-0.09917491	0	-0.99134994	0.01849952	0	0.0004710248	0.99960303	0	0.9731533	0.19060166	0	-0.056307543	-0.9899344	0	0.66	100	1e-09
0	-0.21214017	0.42032185	0	-2.2069245e-17	-2.6037662e-17	4.712389	4.712389	1.5707964	1.5707964	0	-0.98954695	0.062392384	0	-0.9716702	0.1978994	0	0.00022346085	0.99960303	0	-0.08026646	0.98834366	0	0.98055935	-0.14662935	0	0.66	100	1e-09
0	-0.42468303	0.63350564	0	-2.2028453e-17	-2.6037665e-17	4.712389	4.712389	1.5707964	1.5707964	1.5707964	-0.99025935	0.04961434	0	-0.9809526	0.14163743	0	0.00052617746	0.9996032	0	-0.09091388	0.9874474	0	-0.061815556	0.98922575	0	0.66	100	1e-09
0	-0.6115677	0.36566094	0	-2.2110958e-17	-2.6037675e-17	4.712389	4.712389	1.5707964	1.5707964	3.1415927	-0.98981315	0.05886382	0	-0.9898751	-0.057863183	0	0.00053675857	0.9996036	0	-0.099585846	0.9866406	0	-0.97910076	-0.15894026	0	0.66	100	1e-09
0	-0.42737404	0.21576172	0	-2.2138786e-17	-2.603767e-17	4.712389	4.712389	1.5707964	1.5707964	4.712389	-0.989221	0.06814083	0	-0.9914684	0.013026723	0	0.00029640365	0.9996035	0	-0.091107056	0.9874358	0	-0.065370165	-0.9893983	0	0.66	100	1e-09
0	-0.38920385	0.27653924	0	-2.2041354e-17	-2.603766e-17	4.712389	4.712389	1.5707964	3.1415927	0	-0.98163444	0.14078705	0	-0.96966404	0.20787075	0	0.00024282913	0.9996031	0	-0.9761841	0.17640083	0	0.98122036	-0.14196561	0	0.66	100	1e-09
0	-0.60241956	0.48641688	0	-2.2006234e-17	-2.6037667e-17	4.712389	4.712389	1.5707964	3.1415927	1.5707964	-0.98379314	0.124502845	0	-0.9795959	0.15106761	0	0.00054887764	0.9996033	0	-0.9775905	0.1683151	0	-0.071666904	0.98859555	0	0.66	100	1e-09
0	-0.78587437	0.22132422	0	-2.208934e-17	-2.6037675e-17	4.712389	4.712389	1.5707964	3.1415927	3.1415927	-0.9829874	0.13124904	0	-0.9904336	-0.04752889	0	0.0005610917	0.99960375	0	-0.9763613	0.17552432	0	-0.9801507	-0.15222712	0	0.66	100	1e-09
0	-0.60421216	0.07147603	0	-2.2112672e-17	-2.603767e-17	4.712389	4.712389	1.5707964	3.1415927	4.712389	-0.98135835	0.14307784	0	-0.9913499	0.02108636	0	0.0003192018	0.9996035	0	-0.97511065	0.18245117	0	-0.07356123	-0.9888387	0	0.66	100	1e-09
0	-0.21314532	0.0139727695	0	-2.194327e-17	-2.6037652e-17	4.712389	4.712389	1.5707964	4.712389	0	-0.9902942	-0.039830096	0	-0.9656721	0.22626112	0	0.00044768595	0.99960274	0	-0.09312228	-0.98674977	0	0.9829143	-0.12942019	0	0.66	100	1e-09
0	-0.42539686	0.2236983	0	-2.1907945e-17	-2.6037655e-17	4.712389	4.712389	1.5707964	4.712389	1.5707964	-0.98954594	-0.056106355	0	-0.976375	0.171065	0	0.00075002096	0.9996028	0	-0.104911745	-0.9856259	0	-0.056901548	0.98955595	0	0.66	100	1e-09
0	-0.6165236	-0.04147997	0	-2.1983539e-17	-2.6037667e-17	4.712389	4.712389	1.5707964	4.712389	3.1415927	-0.9903588	-0.03917522	0	-0.99075514	-0.039238054	0	0.00076642603	0.9996032	0	-0.12102814	-0.9838029	0	-0.9812425	-0.14478694	0	0.66	100	1e-09
0	-0.43152913	-0.19430462	0	-2.2007403e-17	-2.603766e-17	4.712389	4.712389	1.5707964	4.712389	4.712389	-0.9907111	-0.02804001	0	-0.9910577	0.031216819	0	0.00052235316	0.9996032	0	-0.11135974	-0.9848909	0	-0.06503965	-0.98941207	0	0.66	100	1e-09
